201810	Âñåãî	1	2	3	4	5	6	7	8	9	10	11	12	13	14	15	16	17	18	19	20	21	22	23	24	25	26	27	28	29	30	31
Âñå	83283	2740	2742	2760	2740	2843	2716	2710	2662	2700	2720	2723	2879	2681	2779	2722	2668	2655	2747	2775	2634	2685	2574	2618	2636	2687	2751	2587	2579	2526	2466	2578
Â2	11588	408	403	392	397	372	378	407	360	376	397	361	376	409	392	380	396	392	341	410	364	392	372	364	365	378	348	382	338	296	293	349
Â3	19501	591	617	732	620	570	694	603	577	697	725	609	605	626	632	659	729	709	703	591	600	658	592	641	675	612	574	580	590	572	597	521
Ã3	346	0	18	0	28	0	17	0	20	0	29	0	20	0	17	0	15	0	24	0	22	0	17	0	27	0	25	0	18	36	13	0
Ã4	21309	672	678	709	699	715	671	671	641	686	660	697	722	665	684	697	674	706	696	737	662	678	693	685	669	713	714	649	703	671	669	723
Ê1	11541	359	396	385	393	410	455	413	371	376	401	397	436	429	400	387	382	358	376	378	349	369	322	345	329	343	378	374	337	303	307	283
Ë1	15607	493	469	507	482	586	534	468	451	484	538	529	567	473	505	528	479	516	554	486	478	505	536	513	517	521	455	457	489	510	475	502
Ï2	16404	564	513	519	538	572	578	534	516	525	558	540	617	564	540	550	555	549	540	529	514	533	492	524	511	511	525	514	466	469	492	452
Ï1	8196	282	279	273	286	279	244	254	248	265	277	270	263	281	265	269	279	251	264	280	244	265	269	260	232	285	289	252	271	249	218	253
ØÊ	33109	1081	1047	1079	1056	1077	1074	1068	1074	1034	1033	1066	1104	1068	1084	1092	1049	1062	1078	1067	1061	1077	1055	1041	1064	1050	1065	1039	1093	1098	1077	1096
ÂÊ	17997	604	606	617	619	653	562	603	585	633	607	579	629	563	621	590	565	559	617	636	531	600	541	567	561	566	604	542	529	493	483	532
ÄÊ	19789	672	691	693	647	668	643	637	697	658	616	645	649	619	721	716	616	630	613	609	673	663	620	597	592	618	680	633	591	571	533	578
Õ2	11948	406	417	423	374	407	410	425	382	384	398	378	410	413	382	392	394	400	380	404	368	390	364	376	390	378	395	376	339	317	317	359
Ì1	26659	874	872	891	867	885	809	821	887	893	902	871	851	824	868	850	860	884	869	824	868	895	861	840	836	837	881	868	950	850	753	818
Ì2	32739	1071	1081	1023	1068	1072	1062	1048	1121	1076	1068	1077	1115	1041	1120	1121	1053	1040	1103	1061	1102	1107	1050	1016	1061	1051	1103	1025	1033	902	928	940
Ì3	21078	731	712	693	700	768	723	765	687	729	733	637	715	713	772	729	702	711	729	728	696	691	626	619	527	643	708	684	693	516	468	530
Ì4	24045	815	829	776	848	900	757	803	833	788	824	786	839	817	871	765	798	762	778	852	781	797	740	757	705	766	828	721	709	579	579	642
Ì5	20182	694	661	645	677	728	665	619	633	667	673	669	701	661	686	673	654	713	638	682	632	659	619	627	555	663	687	618	653	598	535	597
Ì6	18915	676	627	609	619	645	622	657	621	627	590	624	664	625	646	619	593	594	575	630	588	630	554	580	603	607	629	603	544	581	546	587
Ì7	16906	534	547	557	621	539	485	480	551	537	543	571	561	520	511	507	507	588	535	557	556	513	531	561	533	524	555	482	567	640	587	606
Ì8	14928	460	460	539	502	452	453	436	454	444	429	471	515	461	451	457	485	457	510	532	441	451	411	453	493	478	467	418	458	622	612	656
Ç2	15286	471	476	486	478	534	528	470	460	488	518	486	549	477	517	495	499	502	499	539	487	467	489	497	510	490	492	471	468	508	484	451
Ç1	3389	114	133	120	106	74	81	131	152	97	101	111	78	128	161	104	94	62	105	108	135	133	77	78	80	110	141	144	165	79	79	108
Ê2	157	37	0	0	0	48	0	16	0	0	0	0	0	0	0	0	0	0	0	0	0	0	0	0	0	0	0	0	0	0	0	56
Ñ1	2013	99	112	93	39	0	0	105	118	113	60	41	56	72	129	86	57	0	0	73	47	74	49	44	28	71	138	92	58	35	53	71
Â4	7529	313	283	168	270	344	229	304	266	169	162	255	329	315	299	213	128	194	161	297	267	238	218	185	167	259	307	295	251	175	195	273
Ã5	1047	32	39	22	53	21	40	32	34	24	38	28	54	34	35	23	36	23	52	36	34	19	47	25	50	35	35	15	30	17	54	30
Ã2	17861	554	565	597	620	581	551	549	583	589	561	592	579	563	531	551	572	594	580	613	583	567	542	584	570	564	606	528	598	621	578	595
ÍÆ	43	1	2	5	1	3	0	4	0	2	3	2	1	1	1	0	2	1	2	1	1	0	0	2	1	1	0	0	1	3	0	2
ÂÂ	44	7	3	2	1	2	1	3	2	1	4	1	1	0	3	1	0	1	1	3	0	3	0	0	2	0	0	0	0	2	0	0
ØÂ	29	1	2	1	1	1	0	0	2	0	0	2	0	0	1	2	0	0	2	0	2	0	1	1	1	2	1	1	0	1	2	2
×Ê	28	1	1	0	1	0	0	0	2	0	3	3	1	0	0	0	3	0	3	0	1	0	0	0	0	1	5	1	1	0	0	1
Ì9	216	0	0	0	0	0	0	83	0	0	0	0	0	47	0	0	0	0	0	53	0	0	0	0	0	33	0	0	0	0	0	0
À1	23	1	1	0	2	2	1	0	3	2	0	0	1	1	0	1	3	0	1	0	0	0	1	2	0	0	0	0	0	0	1	0
ÐÄÖ	82646	2733	2712	2756	2730	2825	2698	2696	2625	2675	2704	2711	2852	2674	2752	2687	2647	2639	2720	2754	2605	2668	2548	2598	2618	2669	2717	2559	2556	2503	2460	2555
ÀÄÖ	76532	2532	2547	2582	2535	2556	2447	2471	2525	2501	2480	2493	2598	2427	2596	2511	2455	2448	2503	2518	2484	2510	2359	2378	2400	2416	2561	2381	2390	2335	2255	2338
ÂÂÑ	8	0	0	0	0	1	1	0	3	0	0	0	1	0	0	0	1	0	0	0	0	0	0	0	0	0	0	0	0	0	1	0



201810	---	1	2	3	4	5	6	7	8	9	10	11	12	13	14	15	16	17	18	19	20	21	22	23	24	25	26	27	28	29	30	31
Âñå	0.71	0.72	0.71	0.72	0.71	0.72	0.71	0.71	0.71	0.72	0.71	0.72	0.71	0.70	0.71	0.72	0.71	0.71	0.72	0.71	0.70	0.71	0.72	0.71	0.71	0.71	0.71	0.71	0.71	0.70	0.71	0.72
Â2	0.05	0.06	0.09	0.04	0.06	0.04	0.06	0.04	0.07	0.04	0.09	0.05	0.03	0.05	0.08	0.03	0.06	0.05	0.07	0.04	0.02	0.05	0.05	0.05	0.04	0.06	0.04	0.06	0.06	0.04	0.10	0.07
Â3	0.07	0.06	0.07	0.09	0.07	0.06	0.07	0.05	0.06	0.07	0.11	0.07	0.04	0.08	0.08	0.07	0.05	0.05	0.06	0.05	0.07	0.05	0.09	0.06	0.07	0.08	0.07	0.08	0.06	0.05	0.08	0.08
Ã3	0.10	0.00	0.11	0.00	0.07	0.00	0.12	0.00	0.15	0.00	0.17	0.00	0.10	0.00	0.12	0.00	0.13	0.00	0.04	0.00	0.09	0.00	0.12	0.00	0.07	0.00	0.08	0.00	0.06	0.14	0.00	0.00
Ã4	0.14	0.13	0.12	0.12	0.15	0.14	0.11	0.14	0.13	0.13	0.21	0.14	0.14	0.10	0.14	0.18	0.15	0.14	0.14	0.15	0.11	0.12	0.14	0.13	0.15	0.16	0.13	0.12	0.15	0.17	0.12	0.15
Ê1	0.48	0.48	0.48	0.49	0.51	0.51	0.51	0.51	0.50	0.46	0.50	0.50	0.50	0.45	0.50	0.47	0.46	0.44	0.48	0.51	0.49	0.51	0.48	0.46	0.43	0.46	0.47	0.45	0.42	0.47	0.42	0.47
Ë1	0.54	0.57	0.53	0.53	0.56	0.55	0.52	0.52	0.50	0.53	0.51	0.51	0.54	0.52	0.52	0.54	0.56	0.58	0.58	0.54	0.54	0.54	0.55	0.53	0.53	0.50	0.51	0.54	0.57	0.58	0.58	0.59
Ï2	0.68	0.66	0.67	0.67	0.70	0.72	0.69	0.67	0.68	0.68	0.66	0.72	0.72	0.69	0.69	0.69	0.66	0.71	0.70	0.71	0.69	0.66	0.66	0.68	0.62	0.71	0.69	0.69	0.68	0.67	0.62	0.70
Ï1	0.58	0.61	0.58	0.57	0.53	0.61	0.63	0.56	0.59	0.60	0.56	0.58	0.58	0.56	0.59	0.57	0.57	0.56	0.56	0.59	0.57	0.59	0.62	0.57	0.59	0.60	0.56	0.56	0.56	0.55	0.59	0.58
ØÊ	0.98	0.98	0.97	0.98	0.98	0.97	0.97	0.98	0.97	0.99	0.98	0.97	0.97	0.97	0.97	0.97	0.98	0.97	0.97	0.98	0.98	0.98	0.98	0.97	0.97	0.98	0.98	0.98	0.98	0.97	0.98	0.98
ÂÊ	0.97	0.97	0.98	0.96	0.97	0.97	0.97	0.97	0.96	0.97	0.97	0.98	0.98	0.97	0.97	0.95	0.98	0.98	0.98	0.97	0.96	0.97	0.97	0.97	0.98	0.98	0.96	0.97	0.97	0.97	0.97	0.97
ÄÊ	0.98	0.97	0.98	0.98	0.98	0.97	0.98	0.98	0.97	0.97	0.98	0.98	0.98	0.96	0.97	0.96	0.97	0.97	0.98	0.98	0.97	0.97	0.98	0.97	0.98	0.98	0.99	0.98	0.97	0.97	0.98	0.97
Õ2	0.59	0.63	0.58	0.60	0.57	0.60	0.53	0.60	0.62	0.63	0.59	0.61	0.59	0.55	0.65	0.60	0.58	0.59	0.61	0.59	0.58	0.60	0.59	0.57	0.58	0.56	0.57	0.54	0.59	0.60	0.59	0.55
Ì1	0.83	0.84	0.84	0.83	0.82	0.85	0.83	0.86	0.84	0.85	0.83	0.83	0.82	0.84	0.82	0.83	0.81	0.82	0.83	0.84	0.81	0.83	0.85	0.83	0.84	0.85	0.85	0.84	0.84	0.79	0.83	0.82
Ì2	0.93	0.93	0.93	0.93	0.93	0.92	0.93	0.92	0.91	0.93	0.94	0.92	0.93	0.93	0.92	0.93	0.92	0.94	0.93	0.92	0.91	0.92	0.94	0.91	0.93	0.93	0.91	0.93	0.94	0.92	0.92	0.94
Ì3	0.78	0.76	0.81	0.80	0.77	0.82	0.79	0.78	0.78	0.78	0.78	0.79	0.79	0.75	0.80	0.79	0.77	0.77	0.79	0.80	0.76	0.77	0.79	0.80	0.79	0.79	0.78	0.78	0.74	0.71	0.76	0.73
Ì4	0.90	0.89	0.90	0.92	0.90	0.91	0.91	0.90	0.86	0.91	0.90	0.91	0.90	0.88	0.89	0.90	0.90	0.90	0.90	0.91	0.88	0.88	0.92	0.91	0.91	0.92	0.89	0.88	0.90	0.88	0.88	0.89
Ì5	0.85	0.85	0.84	0.84	0.86	0.86	0.84	0.84	0.85	0.85	0.82	0.85	0.83	0.84	0.84	0.85	0.85	0.85	0.85	0.84	0.86	0.83	0.85	0.88	0.89	0.85	0.84	0.84	0.86	0.86	0.85	0.86
Ì6	0.92	0.91	0.93	0.93	0.89	0.93	0.93	0.91	0.91	0.91	0.93	0.92	0.92	0.91	0.91	0.92	0.92	0.92	0.93	0.92	0.92	0.92	0.92	0.91	0.90	0.90	0.91	0.91	0.92	0.91	0.92	0.92
Ì7	0.89	0.88	0.88	0.90	0.89	0.92	0.91	0.89	0.90	0.89	0.93	0.90	0.88	0.90	0.90	0.91	0.90	0.89	0.89	0.88	0.84	0.88	0.91	0.87	0.92	0.90	0.90	0.91	0.86	0.87	0.89	0.89
Ì8	0.89	0.89	0.90	0.91	0.88	0.88	0.92	0.89	0.87	0.89	0.89	0.91	0.91	0.89	0.90	0.92	0.91	0.91	0.89	0.88	0.88	0.89	0.92	0.86	0.92	0.88	0.85	0.89	0.88	0.87	0.91	0.91
Ç2	0.67	0.70	0.67	0.69	0.72	0.67	0.64	0.68	0.69	0.70	0.65	0.67	0.67	0.66	0.67	0.68	0.69	0.69	0.69	0.65	0.65	0.72	0.71	0.67	0.64	0.69	0.65	0.64	0.62	0.52	0.63	0.67
Ç1	0.70	0.80	0.75	0.71	0.75	0.72	0.65	0.75	0.61	0.72	0.66	0.68	0.68	0.68	0.68	0.67	0.74	0.66	0.75	0.75	0.63	0.71	0.77	0.76	0.79	0.78	0.71	0.68	0.66	0.68	0.65	0.71
Ê2	0.37	0.32	0.00	0.00	0.00	0.46	0.00	0.50	0.00	0.00	0.00	0.00	0.00	0.00	0.00	0.00	0.00	0.00	0.00	0.00	0.00	0.00	0.00	0.00	0.00	0.00	0.00	0.00	0.00	0.00	0.00	0.29
Ñ1	0.49	0.56	0.46	0.65	0.38	0.00	0.00	0.51	0.53	0.42	0.28	0.49	0.54	0.40	0.48	0.44	0.53	0.00	0.00	0.44	0.47	0.46	0.41	0.43	0.39	0.42	0.57	0.58	0.45	0.60	0.45	0.61
Â4	0.09	0.11	0.13	0.10	0.07	0.10	0.07	0.08	0.07	0.12	0.17	0.08	0.08	0.08	0.10	0.09	0.02	0.11	0.12	0.08	0.07	0.05	0.10	0.11	0.10	0.07	0.09	0.08	0.06	0.09	0.09	0.10
Ã5	0.59	0.44	0.79	0.82	0.70	0.43	0.55	0.50	0.47	0.79	0.55	0.46	0.56	0.50	0.63	0.78	0.58	0.39	0.63	0.50	0.53	0.89	0.64	0.48	0.70	0.60	0.51	0.67	0.40	0.59	0.52	0.83
Ã2	0.72	0.75	0.73	0.74	0.66	0.72	0.74	0.72	0.71	0.70	0.71	0.73	0.77	0.72	0.70	0.77	0.72	0.71	0.73	0.70	0.66	0.69	0.67	0.70	0.74	0.72	0.68	0.75	0.70	0.74	0.79	0.77
ÍÆ	0.00	0.00	0.00	0.00	0.00	0.00	0.00	0.00	0.00	0.00	0.00	0.00	0.00	0.00	0.00	0.00	0.00	0.00	0.00	0.00	0.00	0.00	0.00	0.00	0.00	0.00	0.00	0.00	0.00	0.00	0.00	0.00
ÂÂ	0.00	0.00	0.00	0.00	0.00	0.00	0.00	0.00	0.00	0.00	0.00	0.00	0.00	0.00	0.00	0.00	0.00	0.00	0.00	0.00	0.00	0.00	0.00	0.00	0.00	0.00	0.00	0.00	0.00	0.00	0.00	0.00
ØÂ	0.00	0.00	0.00	0.00	0.00	0.00	0.00	0.00	0.00	0.00	0.00	0.00	0.00	0.00	0.00	0.00	0.00	0.00	0.00	0.00	0.00	0.00	0.00	0.00	0.00	0.00	0.00	0.00	0.00	0.00	0.00	0.00
×Ê	0.00	0.00	0.00	0.00	0.00	0.00	0.00	0.00	0.00	0.00	0.00	0.00	0.00	0.00	0.00	0.00	0.00	0.00	0.00	0.00	0.00	0.00	0.00	0.00	0.00	0.00	0.00	0.00	0.00	0.00	0.00	0.00
Ì9	0.58	0.00	0.00	0.00	0.00	0.00	0.00	0.54	0.00	0.00	0.00	0.00	0.00	0.64	0.00	0.00	0.00	0.00	0.00	0.58	0.00	0.00	0.00	0.00	0.00	0.58	0.00	0.00	0.00	0.00	0.00	0.00
À1	0.00	0.00	0.00	0.00	0.00	0.00	0.00	0.00	0.00	0.00	0.00	0.00	0.00	0.00	0.00	0.00	0.00	0.00	0.00	0.00	0.00	0.00	0.00	0.00	0.00	0.00	0.00	0.00	0.00	0.00	0.00	0.00



201810	---	1	2	3	4	5	6	7	8	9	10	11	12	13	14	15	16	17	18	19	20	21	22	23	24	25	26	27	28	29	30	31
Âñå	9.9	10.0	10.0	10.1	9.7	10.0	10.2	9.9	9.9	9.9	10.0	9.9	10.1	10.0	9.8	9.9	9.8	9.7	10.0	9.9	9.8	9.8	9.8	9.8	10.2	9.9	9.8	10.0	9.9	10.3	10.2	10.1
Â2	10.6	10.4	10.6	10.7	10.4	10.6	10.8	10.6	10.6	10.3	10.5	10.5	10.4	10.8	10.5	10.5	10.5	10.3	10.5	10.5	10.8	10.6	10.5	10.4	10.8	10.5	10.2	10.8	10.7	10.9	10.7	10.4
Â3	18.0	17.8	18.0	18.0	17.1	18.8	18.4	18.2	18.1	18.1	17.6	17.8	18.6	18.2	18.2	18.0	17.6	17.9	18.1	17.3	18.3	18.2	17.3	17.8	17.9	17.8	17.8	18.8	18.5	18.2	18.5	18.4
Ã3	12.5	0.0	11.9	0.0	12.0	0.0	13.7	0.0	13.9	0.0	13.5	0.0	12.7	0.0	11.4	0.0	13.2	0.0	13.3	0.0	13.0	0.0	12.8	0.0	13.6	0.0	11.8	0.0	11.6	9.5	15.0	0.0
Ã4	14.6	15.0	14.6	14.7	14.5	14.3	14.5	14.8	14.7	14.8	14.6	14.9	14.8	15.0	14.8	14.7	14.6	14.7	14.4	14.8	14.3	14.6	14.7	14.3	14.7	14.8	14.4	14.4	14.0	14.6	14.6	14.8
Ê1	17.7	17.1	18.1	17.7	18.3	17.3	17.7	17.3	18.0	17.6	17.6	18.3	17.8	17.7	17.5	17.1	17.6	18.1	17.9	17.5	17.5	17.6	16.9	18.5	18.0	17.9	17.5	17.7	17.9	17.6	17.5	18.0
Ë1	16.7	17.3	16.5	15.6	16.2	17.7	18.9	16.9	16.3	16.5	16.8	17.1	17.2	17.0	16.3	16.4	16.0	16.8	17.3	16.5	17.1	16.1	16.4	15.8	16.3	15.8	16.0	16.5	17.0	17.8	16.9	16.5
Ï2	15.5	15.8	16.7	16.7	16.3	14.6	14.7	15.5	16.3	15.2	15.1	14.8	14.8	14.5	14.9	15.1	15.7	15.3	15.8	15.9	15.7	15.8	15.5	16.0	17.3	16.4	15.1	14.5	14.9	14.9	15.6	15.2
Ï1	16.5	16.2	16.1	15.7	15.5	17.1	17.6	16.6	16.4	16.8	16.9	17.0	17.5	16.9	17.0	16.8	16.7	16.1	16.0	16.3	16.3	16.3	15.4	15.3	15.4	15.3	15.9	17.8	17.6	17.2	17.3	17.0
ØÊ	5.7	5.9	5.5	5.8	5.4	5.7	6.1	6.1	5.4	5.7	5.8	5.3	5.5	5.4	5.3	5.7	5.4	5.2	5.6	5.5	5.3	5.5	5.9	5.4	6.0	5.8	5.8	5.8	5.5	6.5	6.4	5.8
ÂÊ	6.0	6.0	5.9	5.8	5.8	6.3	6.1	5.9	5.8	6.1	6.3	5.6	6.2	6.1	6.9	6.3	6.0	5.7	6.5	5.7	6.0	6.0	6.0	6.1	5.7	6.1	5.7	5.7	6.2	5.7	5.6	5.3
ÄÊ	5.6	5.6	5.8	5.8	5.8	5.9	5.7	5.9	5.5	5.4	5.8	5.4	5.5	5.8	5.5	5.6	5.5	5.3	5.6	5.6	5.3	5.1	5.3	5.5	6.0	5.6	5.5	5.7	5.6	5.6	5.9	5.8
Õ2	19.2	18.6	18.1	17.7	18.7	20.4	20.0	18.3	19.7	20.0	19.8	20.0	19.7	19.9	20.2	19.9	18.9	18.8	19.0	19.0	18.9	18.7	18.4	18.3	17.4	18.2	19.2	20.2	19.6	20.3	20.1	18.9
Ì1	7.3	7.2	7.7	7.8	7.1	7.2	7.1	7.0	7.8	7.2	7.5	7.0	7.2	6.7	7.3	7.0	7.1	6.9	6.9	7.1	7.1	6.9	7.6	7.5	7.3	6.9	7.7	7.3	7.9	8.6	7.2	7.3
Ì2	5.1	4.9	4.7	5.7	4.9	5.5	5.4	4.9	4.7	4.7	5.0	5.1	5.0	5.0	4.7	4.8	4.7	5.0	5.0	5.0	4.6	4.9	5.3	4.7	5.3	5.0	5.0	4.9	4.5	6.1	5.7	6.6
Ì3	5.2	5.1	5.3	5.0	4.9	5.1	5.0	5.2	5.5	5.4	5.1	5.2	5.3	4.9	5.2	5.5	4.5	4.8	5.0	5.3	5.1	5.3	5.1	5.1	5.8	4.9	5.2	5.0	5.0	5.9	5.3	5.1
Ì4	4.4	4.3	4.5	4.5	4.3	4.5	4.8	4.4	4.0	4.5	4.6	4.5	4.7	4.3	4.5	4.7	4.1	3.8	5.1	4.2	3.9	4.4	4.2	4.5	4.9	4.4	4.0	4.1	4.0	4.6	4.4	4.3
Ì5	7.1	7.4	8.0	8.0	7.2	6.7	6.7	7.0	6.9	7.3	7.0	6.8	7.0	6.7	6.5	7.2	7.3	6.8	7.4	6.8	6.8	6.8	6.7	7.2	8.2	6.9	7.0	7.1	7.0	8.0	8.1	7.9
Ì6	5.4	5.3	5.0	5.0	5.3	5.4	5.8	5.3	5.2	5.0	5.4	5.9	5.8	5.4	5.3	5.2	5.3	5.6	5.8	5.3	5.4	5.5	5.1	5.4	5.0	5.4	5.2	5.3	5.6	5.2	5.5	5.5
Ì7	7.3	7.4	7.2	7.2	7.2	7.6	7.4	7.1	7.5	7.4	7.4	7.5	7.1	7.4	6.7	7.1	7.2	7.4	7.0	7.4	7.3	7.3	7.3	7.0	7.2	7.3	7.4	7.0	7.5	7.1	7.0	7.0
Ì8	5.3	5.2	5.6	5.4	5.4	4.8	5.4	5.8	5.9	5.4	5.1	5.0	5.7	5.1	5.3	5.3	5.6	5.0	5.4	5.5	5.3	5.5	5.0	5.2	5.5	5.1	5.6	5.6	5.3	4.7	4.9	4.8
Ç2	18.2	19.0	18.1	18.1	17.8	18.1	18.7	18.7	17.8	18.4	17.9	17.6	18.0	18.1	17.1	18.1	18.3	17.7	17.9	18.5	18.1	18.0	18.1	18.2	17.7	17.7	17.7	18.9	19.4	18.8	18.3	18.6
Ç1	15.9	16.1	15.2	14.4	16.1	16.7	14.9	15.6	15.5	16.2	15.4	16.6	16.3	18.4	16.5	15.5	14.7	15.5	15.7	16.2	16.9	17.6	16.4	15.2	16.4	16.6	15.5	14.5	13.8	15.6	16.8	17.5
Ê2	17.3	17.9	0.0	0.0	0.0	18.2	0.0	17.6	0.0	0.0	0.0	0.0	0.0	0.0	0.0	0.0	0.0	0.0	0.0	0.0	0.0	0.0	0.0	0.0	0.0	0.0	0.0	0.0	0.0	0.0	0.0	16.0
Ñ1	15.7	16.3	15.4	16.5	14.2	0.0	0.0	16.0	16.7	16.7	16.8	15.6	14.3	16.3	16.1	15.4	15.6	0.0	0.0	16.0	15.6	15.0	13.9	14.2	14.5	15.1	15.0	15.4	16.5	17.6	15.6	15.8
Â4	15.8	16.0	16.3	16.1	15.4	16.0	14.7	15.6	16.4	16.2	15.4	15.4	16.0	15.4	15.7	16.5	15.0	15.3	16.3	16.4	15.9	16.4	16.2	15.7	16.9	16.4	15.7	14.9	15.7	15.2	15.1	15.7
Ã5	16.3	17.7	17.3	17.5	16.8	14.5	15.1	17.5	18.1	15.1	15.4	16.1	15.1	17.1	13.7	22.7	16.2	17.4	16.2	16.9	15.9	18.3	15.1	16.2	16.1	16.8	14.5	16.3	17.6	19.1	15.0	15.1
Ã2	15.6	15.8	15.4	15.9	15.2	15.5	15.4	15.5	15.7	15.7	15.5	15.9	15.4	16.0	15.4	16.1	15.4	15.5	15.4	15.8	15.4	15.8	15.5	15.5	15.7	15.6	15.1	15.3	15.2	15.7	15.7	15.7
ÍÆ	11.0	7.0	14.0	9.2	40.0	5.0	0.0	2.5	0.0	12.5	1.0	7.5	1.0	42.0	7.0	0.0	1.0	1.0	1.0	40.0	1.0	0.0	0.0	19.0	5.0	44.0	0.0	0.0	1.0	16.3	0.0	24.5
ÂÂ	1.1	1.0	1.0	1.0	1.0	1.0	1.0	1.0	1.0	1.0	1.0	4.0	1.0	0.0	1.0	1.0	0.0	1.0	1.0	1.0	0.0	1.0	0.0	0.0	1.0	0.0	0.0	0.0	0.0	1.0	0.0	0.0
ØÂ	3.0	1.0	1.0	1.0	1.0	1.0	0.0	0.0	4.5	0.0	0.0	1.0	0.0	0.0	1.0	20.0	0.0	0.0	1.0	0.0	2.5	0.0	1.0	1.0	1.0	1.5	1.0	3.0	0.0	1.0	1.0	4.5
×Ê	2.4	4.0	1.0	0.0	1.0	0.0	0.0	0.0	6.0	0.0	2.0	2.3	1.0	0.0	0.0	0.0	2.0	0.0	2.3	0.0	1.0	0.0	0.0	0.0	0.0	3.0	2.2	3.0	4.0	0.0	0.0	1.0
Ì9	5.1	0.0	0.0	0.0	0.0	0.0	0.0	5.0	0.0	0.0	0.0	0.0	0.0	4.9	0.0	0.0	0.0	0.0	0.0	5.3	0.0	0.0	0.0	0.0	0.0	4.9	0.0	0.0	0.0	0.0	0.0	0.0
À1	3.5	1.0	1.0	0.0	3.0	5.5	1.0	0.0	6.0	1.0	0.0	0.0	1.0	1.0	0.0	1.0	5.7	0.0	1.0	0.0	0.0	0.0	1.0	1.0	0.0	0.0	0.0	0.0	0.0	0.0	16.0	0.0



201810	---	1	2	3	4	5	6	7	8	9	10	11	12	13	14	15	16	17	18	19	20	21	22	23	24	25	26	27	28	29	30	31
Âñå	9.2	8.7	9.8	9.6	8.6	9.3	9.8	9.1	9.1	9.1	9.5	9.7	9.5	8.8	9.0	9.5	8.6	9.5	9.8	8.9	9.3	9.6	8.6	9.1	8.8	8.7	9.2	9.6	9.2	9.6	9.1	8.8
Â2	8.9	9	11	9	9	7	8	10	10	9	10	10	9	14	8	9	9	9	11	12	8	7	7	8	12	9	6	8	6	6	7	9
Â3	15.9	13	15	20	12	14	20	16	15	18	19	17	14	13	17	14	20	18	20	12	15	15	13	14	15	16	12	17	16	19	17	16
Ã3	2.7	0	0	0	4	0	2	0	2	0	4	0	5	0	1	0	2	0	5	0	2	0	2	0	4	0	4	0	1	2	1	0
Ã4	12.6	11	14	13	14	11	11	15	12	12	15	13	10	14	11	11	12	14	13	17	11	11	13	11	11	13	11	14	14	12	14	12
Ê1	11.5	12	15	13	9	10	13	15	10	11	10	10	16	9	13	11	12	10	13	10	12	14	10	13	9	9	12	12	13	8	12	11
Ë1	12.9	13	10	11	12	17	22	11	12	12	12	12	13	10	13	13	14	13	16	11	12	11	11	13	15	11	12	8	16	14	17	13
Ï2	11.1	12	11	12	11	12	11	9	12	9	14	12	15	13	14	12	12	10	13	10	8	14	8	11	10	13	10	11	8	9	10	8
Ï1	8.7	7	10	8	9	9	10	9	9	9	7	9	7	10	11	9	7	9	9	10	7	11	9	7	7	8	11	8	11	10	7	7
ØÊ	8.1	8	8	8	7	7	10	9	6	8	7	8	8	8	8	9	8	7	10	8	7	8	7	7	8	10	7	7	8	10	11	9
ÂÊ	6.1	6	6	7	5	6	5	6	6	7	6	6	6	6	7	7	6	5	9	6	6	5	7	6	7	7	4	6	5	6	5	6
ÄÊ	7.4	5	10	7	9	7	6	7	11	7	7	6	6	5	10	9	6	6	6	5	12	12	6	6	7	6	13	7	5	6	8	6
Õ2	10.5	10	8	14	12	12	10	10	11	11	11	10	11	11	11	10	12	9	11	10	9	9	11	10	10	11	11	10	10	13	8	11
Ì1	12.2	10	15	14	10	10	14	14	14	13	15	14	10	11	10	12	13	14	11	10	12	11	11	12	12	10	14	13	12	17	9	11
Ì2	8.4	9	8	11	9	10	8	9	7	7	9	7	9	7	9	9	7	8	8	8	10	8	8	9	9	8	9	7	8	9	6	10
Ì3	7.8	8	9	7	7	8	7	7	7	8	8	11	9	8	8	11	5	7	8	10	9	7	9	7	7	7	8	7	7	6	5	9
Ì4	6.0	4	8	4	6	6	5	6	6	6	7	5	6	6	7	6	6	5	9	7	7	6	5	6	7	5	9	5	4	6	7	5
Ì5	9.0	9	10	9	10	7	12	9	8	9	8	13	8	8	7	12	7	8	8	7	9	8	11	9	10	9	10	9	6	10	10	10
Ì6	6.3	9	4	7	7	5	6	7	7	4	6	7	5	5	5	8	7	6	7	7	7	7	6	5	8	6	7	8	6	4	6	6
Ì7	9.2	10	8	11	12	13	8	6	11	9	11	8	12	11	8	6	10	9	7	8	12	8	10	9	8	8	10	7	8	9	8	10
Ì8	7.7	7	5	6	5	7	8	9	7	8	8	10	9	8	7	8	7	8	10	10	8	10	10	4	8	6	8	8	8	8	9	6
Ç2	13.1	11	11	17	11	11	14	14	13	14	13	11	14	13	14	12	12	16	10	14	14	13	11	15	12	10	13	20	13	15	13	13
Ç1	7.9	6	6	7	11	7	10	9	6	5	8	7	9	5	7	8	6	8	7	7	11	10	5	6	8	9	6	8	12	12	12	7
Ê2	5.0	4	0	0	0	8	0	3	0	0	0	0	0	0	0	0	0	0	0	0	0	0	0	0	0	0	0	0	0	0	0	5
Ñ1	6.9	7	10	5	6	0	0	9	8	5	7	12	8	3	9	6	6	0	0	5	6	9	6	7	5	7	7	9	6	5	4	8
Â4	11.1	10	10	10	10	15	10	11	9	12	11	13	13	13	12	11	8	10	8	13	12	10	8	13	10	10	10	14	14	11	12	10
Ã5	5.4	5	10	6	11	0	4	5	8	4	4	7	4	5	4	3	5	7	6	4	4	2	6	7	7	7	4	3	6	7	5	3
Ã2	12.5	12	13	13	11	12	11	11	17	11	11	14	12	12	12	11	11	12	11	15	12	13	13	13	11	11	12	13	15	15	14	15
ÍÆ	1.1	0	0	1	1	1	0	0	0	0	0	1	0	0	1	0	0	0	0	1	0	0	0	0	1	1	0	0	0	0	0	2
ÂÂ	0.0	0	0	0	0	0	0	0	0	0	0	0	0	0	0	0	0	0	0	0	0	0	0	0	0	0	0	0	0	0	0	0
ØÂ	0.0	0	0	0	0	0	0	0	0	0	0	0	0	0	0	0	0	0	0	0	0	0	0	0	0	0	0	0	0	0	0	0
×Ê	0.0	0	0	0	0	0	0	0	0	0	0	0	0	0	0	0	0	0	0	0	0	0	0	0	0	0	0	0	0	0	0	0
Ì9	1.7	0	0	0	0	0	0	1	0	0	0	0	0	1	0	0	0	0	0	3	0	0	0	0	0	0	0	0	0	0	0	0
À1	1.0	0	0	0	1	0	0	0	1	0	0	0	0	0	0	0	1	0	0	0	0	0	0	0	0	0	0	0	0	0	0	0
