201709	Âñåãî	1	2	3	4	5	6	7	8	9	10	11	12	13	14	15	16	17	18	19	20	21	22	23	24	25	26	27	28	29	30
Âñå	81455	2881	2734	2728	2740	2714	2650	2749	2840	2695	2744	2680	2654	2692	2778	2858	2676	2632	2667	2662	2707	2702	2834	2655	2747	2611	2641	2659	2711	2787	2627
ÁÊ	88	4	3	3	6	4	4	5	3	3	1	2	3	5	4	2	2	1	3	2	4	1	5	2	2	5	3	3	1	1	1
Â2	11680	416	401	395	417	411	372	384	391	387	408	355	402	376	442	418	396	387	376	333	389	389	422	360	414	352	390	360	378	389	370
Â3	19277	692	647	701	650	611	665	657	651	716	684	697	606	637	623	661	663	659	604	617	610	620	662	635	643	621	586	631	619	603	606
Ã3	355	23	0	19	0	24	0	30	0	20	0	22	0	21	0	40	0	21	0	25	0	24	0	18	0	23	0	20	0	25	0
Ã4	20804	736	720	694	741	694	717	708	737	673	689	672	688	695	735	682	684	626	693	695	690	631	753	670	683	671	692	675	697	697	666
Ê1	11485	400	443	378	362	384	395	309	413	418	399	345	362	389	357	404	407	349	356	290	382	361	409	408	423	339	375	414	369	400	445
Ë1	13856	465	403	424	469	528	491	429	439	411	505	470	492	456	430	460	436	447	532	456	423	445	504	457	496	449	414	527	494	465	439
Ï2	15986	567	532	548	534	515	503	529	547	555	545	543	519	520	538	583	535	534	538	504	504	533	553	507	528	506	510	505	544	598	509
Ï1	7818	279	254	238	227	228	249	307	300	233	258	249	258	257	314	270	261	245	246	273	264	282	243	259	242	247	253	266	274	267	275
ØÊ	27331	938	910	914	912	902	896	919	921	912	915	907	890	891	921	938	913	911	912	887	918	913	919	921	905	907	898	911	923	915	892
ÂÊ	16090	543	515	531	512	542	495	550	558	548	569	505	524	517	538	553	491	533	526	523	537	566	588	512	578	504	530	543	554	569	536
ÄÊ	22866	832	759	784	791	764	778	779	806	763	782	777	751	769	787	801	746	752	755	732	749	754	790	733	785	737	701	722	725	757	705
Õ2	11383	388	394	391	410	417	381	376	365	378	392	353	369	388	394	398	368	354	370	329	349	372	396	371	393	368	375	377	395	402	370
Ì1	24694	867	875	826	812	769	851	885	863	793	836	812	803	883	832	836	800	742	917	848	852	872	852	740	796	817	795	802	799	799	720
Ì2	26466	991	870	872	854	885	855	961	912	884	851	916	856	932	940	898	840	825	943	891	862	916	894	839	806	880	863	886	886	857	801
Ì3	17241	619	499	537	512	544	581	603	623	630	669	591	570	611	617	662	614	602	585	518	617	543	570	579	575	504	511	509	513	589	544
Ì4	21150	792	657	682	636	633	632	728	780	827	799	710	687	705	723	790	720	713	689	719	677	656	726	630	720	668	603	640	729	777	702
Ì5	19819	719	641	682	608	630	676	725	698	646	679	619	651	642	745	740	627	658	656	670	689	712	623	571	638	641	618	669	650	660	636
Ì6	22449	786	727	764	730	804	808	812	767	758	788	755	735	761	723	783	708	760	713	684	680	823	810	720	791	681	686	730	707	753	702
Ì7	11980	444	515	403	353	501	388	435	528	383	296	328	271	509	536	543	271	364	356	421	562	531	411	303	420	387	293	235	344	356	293
Ì8	17195	593	601	600	689	534	552	557	542	545	517	567	564	475	500	470	587	529	566	593	557	526	636	607	591	600	662	610	609	628	588
Ç2	14551	472	487	526	498	503	488	457	487	471	506	477	455	489	458	529	493	472	498	444	459	463	507	469	528	473	466	492	497	493	494
Ç1	3811	141	138	120	114	123	119	142	137	83	111	119	120	155	162	130	120	107	122	162	164	127	137	113	125	156	108	78	115	159	104
Ê2	2239	98	59	100	99	72	38	102	53	91	94	94	48	99	81	91	88	91	46	89	62	73	45	83	57	88	47	0	90	104	57
Ñ1	3304	171	124	124	113	0	110	144	200	139	72	75	98	146	134	155	102	63	87	154	153	133	117	78	88	125	135	71	60	60	73
Â4	7581	247	255	222	271	287	207	293	268	191	240	170	289	208	336	277	257	230	278	253	255	262	253	241	266	248	253	219	262	290	253
Ã5	940	25	26	28	27	27	26	44	22	29	30	61	35	36	23	52	25	41	29	39	21	28	21	44	31	39	18	26	20	46	21
Ã2	16503	621	566	543	571	564	543	557	592	541	519	542	509	544	578	534	547	511	539	560	592	547	600	511	508	526	557	514	555	587	525
À1	631	33	21	10	20	13	11	13	18	18	5	31	16	15	26	50	25	14	9	14	23	39	25	17	5	35	20	34	21	32	18
Ì9	559	66	0	0	0	133	68	130	0	0	0	0	26	0	35	0	0	0	0	0	0	0	0	0	46	0	0	0	0	0	55
ÐÄÖ	80738	2861	2711	2710	2716	2693	2631	2727	2813	2672	2723	2651	2641	2646	2738	2810	2659	2621	2650	2644	2681	2681	2808	2634	2724	2594	2616	2627	2689	2763	2604
ÀÄÖ	73363	2605	2448	2486	2462	2431	2390	2481	2574	2435	2485	2420	2369	2410	2493	2526	2397	2417	2404	2390	2465	2473	2559	2381	2480	2346	2389	2382	2431	2479	2355
ÂÂÑ	447	24	16	10	12	9	9	4	15	8	3	23	7	12	19	41	18	9	7	11	14	22	22	15	4	20	17	25	16	25	10



201709	---	1	2	3	4	5	6	7	8	9	10	11	12	13	14	15	16	17	18	19	20	21	22	23	24	25	26	27	28	29	30
Âñå	0.77	0.77	0.77	0.78	0.76	0.78	0.78	0.79	0.77	0.77	0.77	0.77	0.78	0.77	0.77	0.77	0.76	0.78	0.77	0.77	0.77	0.77	0.77	0.77	0.76	0.77	0.76	0.78	0.77	0.76	0.77
ÁÊ	0.97	1.00	1.00	1.00	1.00	1.00	1.00	0.80	1.00	1.00	1.00	1.00	1.00	0.80	1.00	1.00	1.00	1.00	1.00	0.50	1.00	1.00	1.00	1.00	1.00	1.00	1.00	1.00	1.00	1.00	1.00
Â2	0.08	0.21	0.12	0.10	0.07	0.09	0.10	0.08	0.06	0.08	0.07	0.08	0.08	0.10	0.09	0.04	0.07	0.07	0.08	0.08	0.05	0.08	0.07	0.04	0.05	0.10	0.06	0.07	0.06	0.05	0.08
Â3	0.37	0.40	0.40	0.41	0.34	0.43	0.45	0.50	0.34	0.36	0.37	0.29	0.35	0.38	0.38	0.37	0.32	0.33	0.34	0.31	0.37	0.36	0.38	0.44	0.28	0.37	0.33	0.35	0.35	0.32	0.36
Ã3	0.38	0.35	0.00	0.53	0.00	0.33	0.00	0.47	0.00	0.15	0.00	0.50	0.00	0.38	0.00	0.33	0.00	0.43	0.00	0.40	0.00	0.33	0.00	0.28	0.00	0.30	0.00	0.35	0.00	0.52	0.00
Ã4	0.37	0.33	0.42	0.41	0.33	0.36	0.39	0.45	0.38	0.37	0.37	0.38	0.41	0.39	0.39	0.38	0.32	0.39	0.37	0.31	0.37	0.37	0.43	0.35	0.34	0.36	0.35	0.37	0.35	0.32	0.36
Ê1	0.64	0.64	0.63	0.70	0.67	0.64	0.63	0.67	0.67	0.67	0.67	0.63	0.61	0.67	0.61	0.63	0.68	0.69	0.58	0.66	0.66	0.63	0.68	0.68	0.63	0.60	0.62	0.65	0.57	0.60	0.62
Ë1	0.65	0.66	0.69	0.65	0.64	0.70	0.64	0.65	0.58	0.64	0.64	0.63	0.70	0.66	0.58	0.59	0.62	0.70	0.70	0.64	0.64	0.67	0.63	0.65	0.62	0.65	0.60	0.70	0.67	0.63	0.65
Ï2	0.73	0.76	0.70	0.74	0.74	0.71	0.71	0.74	0.73	0.74	0.75	0.76	0.76	0.70	0.77	0.77	0.74	0.76	0.73	0.76	0.74	0.71	0.69	0.70	0.70	0.75	0.71	0.72	0.75	0.73	0.71
Ï1	0.69	0.69	0.74	0.76	0.76	0.73	0.69	0.64	0.62	0.68	0.70	0.62	0.65	0.71	0.66	0.73	0.68	0.68	0.67	0.64	0.72	0.68	0.72	0.66	0.71	0.71	0.67	0.74	0.66	0.64	0.64
ØÊ	0.99	1.00	0.99	0.99	1.00	1.00	1.00	1.00	1.00	0.99	0.99	1.00	0.99	0.99	0.99	0.99	1.00	0.99	0.99	0.99	1.00	1.00	1.00	0.99	1.00	1.00	1.00	0.99	1.00	0.99	1.00
ÂÊ	0.98	0.99	0.99	0.99	0.98	0.99	0.98	0.98	0.99	0.99	0.98	0.98	0.98	0.97	0.98	0.99	0.99	0.99	0.97	0.98	0.99	0.98	0.98	0.99	0.99	0.98	0.99	0.98	0.98	0.99	0.99
ÄÊ	0.99	0.99	1.00	0.99	1.00	0.99	0.99	0.99	0.99	0.99	0.99	0.99	0.99	0.98	0.99	0.99	0.99	1.00	0.99	1.00	1.00	0.99	1.00	1.00	1.00	0.99	0.99	0.99	0.99	1.00	1.00
Õ2	0.60	0.58	0.58	0.62	0.61	0.61	0.60	0.60	0.58	0.59	0.60	0.59	0.60	0.59	0.59	0.58	0.57	0.62	0.61	0.61	0.61	0.63	0.60	0.60	0.58	0.59	0.63	0.61	0.61	0.55	0.59
Ì1	0.86	0.85	0.84	0.84	0.85	0.90	0.89	0.88	0.83	0.85	0.85	0.85	0.89	0.86	0.85	0.86	0.83	0.85	0.86	0.86	0.83	0.84	0.85	0.87	0.87	0.86	0.86	0.87	0.87	0.85	0.89
Ì2	0.95	0.94	0.95	0.93	0.93	0.95	0.95	0.96	0.94	0.93	0.93	0.95	0.95	0.95	0.95	0.94	0.95	0.94	0.95	0.95	0.94	0.95	0.95	0.96	0.95	0.96	0.95	0.96	0.95	0.94	0.96
Ì3	0.82	0.86	0.84	0.81	0.84	0.82	0.80	0.86	0.82	0.82	0.84	0.81	0.85	0.84	0.82	0.82	0.80	0.81	0.82	0.83	0.81	0.79	0.81	0.79	0.81	0.83	0.79	0.81	0.81	0.81	0.80
Ì4	0.94	0.93	0.94	0.94	0.94	0.92	0.93	0.95	0.94	0.94	0.95	0.93	0.94	0.93	0.94	0.95	0.95	0.92	0.93	0.93	0.94	0.94	0.94	0.92	0.93	0.94	0.91	0.92	0.94	0.93	0.93
Ì5	0.88	0.88	0.88	0.89	0.90	0.89	0.87	0.86	0.87	0.88	0.88	0.86	0.89	0.85	0.87	0.88	0.87	0.88	0.88	0.89	0.87	0.87	0.88	0.85	0.89	0.89	0.86	0.88	0.86	0.89	0.86
Ì6	0.96	0.94	0.96	0.95	0.97	0.96	0.97	0.96	0.96	0.96	0.95	0.96	0.96	0.93	0.96	0.95	0.96	0.96	0.96	0.95	0.97	0.96	0.96	0.96	0.96	0.96	0.94	0.95	0.95	0.94	0.95
Ì7	0.91	0.87	0.89	0.92	0.94	0.90	0.93	0.88	0.89	0.93	0.93	0.91	0.94	0.88	0.88	0.90	0.90	0.90	0.90	0.90	0.89	0.89	0.91	0.92	0.93	0.92	0.94	0.95	0.91	0.93	0.90
Ì8	0.91	0.89	0.90	0.89	0.88	0.93	0.90	0.89	0.92	0.90	0.90	0.90	0.92	0.92	0.92	0.92	0.88	0.89	0.89	0.92	0.94	0.94	0.92	0.91	0.93	0.92	0.91	0.93	0.92	0.91	0.92
Ç2	0.71	0.66	0.67	0.70	0.66	0.76	0.71	0.73	0.72	0.73	0.76	0.74	0.73	0.63	0.68	0.71	0.73	0.79	0.74	0.73	0.75	0.75	0.69	0.72	0.67	0.68	0.74	0.69	0.72	0.71	0.71
Ç1	0.74	0.76	0.80	0.78	0.68	0.76	0.77	0.77	0.77	0.88	0.75	0.76	0.76	0.67	0.75	0.69	0.68	0.77	0.78	0.76	0.68	0.66	0.61	0.80	0.78	0.69	0.81	0.78	0.70	0.60	0.80
Ê2	0.59	0.56	0.76	0.59	0.46	0.54	0.66	0.58	0.58	0.59	0.59	0.53	0.50	0.56	0.69	0.64	0.67	0.69	0.63	0.56	0.68	0.58	0.67	0.59	0.65	0.47	0.51	0.00	0.54	0.45	0.70
Ñ1	0.65	0.78	0.69	0.76	0.65	0.00	0.56	0.60	0.73	0.65	0.50	0.59	0.58	0.70	0.61	0.68	0.65	0.60	0.60	0.58	0.72	0.73	0.63	0.51	0.53	0.64	0.67	0.56	0.52	0.63	0.63
Â4	0.31	0.34	0.35	0.29	0.34	0.36	0.39	0.38	0.29	0.26	0.31	0.25	0.33	0.30	0.37	0.29	0.25	0.28	0.36	0.27	0.28	0.28	0.29	0.29	0.30	0.29	0.28	0.33	0.30	0.28	0.28
Ã5	0.76	0.80	0.77	0.75	0.78	0.67	0.69	0.91	0.91	0.72	0.80	0.77	0.57	0.94	0.74	0.71	0.64	0.59	0.59	0.79	0.71	0.68	0.86	0.89	0.81	0.92	1.00	0.81	0.60	0.80	0.62
Ã2	0.77	0.72	0.75	0.75	0.76	0.79	0.80	0.75	0.79	0.79	0.78	0.77	0.82	0.73	0.79	0.77	0.75	0.77	0.76	0.76	0.77	0.76	0.77	0.79	0.81	0.76	0.80	0.80	0.78	0.75	0.78
À1	0.71	0.76	0.76	1.00	0.65	0.54	0.82	0.31	0.78	0.56	0.80	0.74	0.31	0.80	0.62	0.78	0.68	0.71	0.89	0.93	0.61	0.59	0.88	0.88	0.80	0.66	0.80	0.68	0.76	0.84	0.56
Ì9	0.63	0.67	0.00	0.00	0.00	0.65	0.56	0.80	0.00	0.00	0.00	0.00	0.27	0.00	0.43	0.00	0.00	0.00	0.00	0.00	0.00	0.00	0.00	0.00	0.50	0.00	0.00	0.00	0.00	0.00	0.60



201709	---	1	2	3	4	5	6	7	8	9	10	11	12	13	14	15	16	17	18	19	20	21	22	23	24	25	26	27	28	29	30
Âñå	10.3	9.9	10.1	10.1	10.3	10.5	10.3	10.2	10.3	10.1	10.3	10.3	10.1	10.2	10.3	10.5	10.3	10.2	10.4	10.4	10.1	10.2	10.3	10.4	10.1	10.3	10.3	10.4	10.3	10.4	10.3
ÁÊ	2.8	1.0	1.0	0.0	2.3	5.0	1.0	3.5	0.0	0.0	0.0	0.0	1.0	4.5	1.0	0.0	1.0	1.0	1.0	1.0	3.0	0.0	1.0	0.0	0.0	10.7	1.5	1.0	1.0	0.0	0.0
Â2	10.5	10.3	10.5	10.5	10.5	10.7	10.8	10.6	10.7	10.5	10.3	11.1	10.5	10.4	10.5	10.4	10.6	10.5	10.7	10.9	10.6	10.7	10.5	10.4	10.4	10.5	10.5	10.4	10.5	10.5	10.2
Â3	18.1	17.9	17.5	18.4	17.7	18.0	18.1	17.9	18.3	18.2	18.2	18.2	18.0	18.0	17.7	17.7	17.9	18.2	18.3	18.7	17.8	17.9	17.3	18.1	17.7	18.6	18.2	18.4	18.6	18.6	18.0
Ã3	12.7	13.0	0.0	12.4	0.0	13.1	0.0	11.4	0.0	13.5	0.0	11.0	0.0	12.2	0.0	13.3	0.0	12.6	0.0	13.3	0.0	15.0	0.0	11.7	0.0	11.7	0.0	13.3	0.0	13.0	0.0
Ã4	14.5	14.3	14.6	14.2	14.4	14.7	14.4	14.7	14.7	14.0	14.9	14.7	14.5	14.7	14.3	14.6	14.2	14.2	15.0	14.7	14.4	14.3	14.3	14.6	14.6	14.6	14.6	14.9	14.5	14.7	14.7
Ê1	17.7	17.4	16.7	17.5	17.7	17.0	16.8	19.2	17.8	18.0	17.8	18.0	17.1	18.0	17.5	17.9	18.3	18.5	17.3	19.4	18.1	18.5	17.9	17.8	17.1	16.9	17.8	17.9	17.5	18.0	16.6
Ë1	16.7	15.8	16.6	16.1	16.5	17.8	16.3	15.8	16.4	16.5	17.1	17.1	16.5	16.2	16.3	16.5	16.8	17.1	17.2	16.4	16.9	17.0	17.1	16.5	16.7	16.8	16.6	16.7	17.1	17.3	16.4
Ï2	16.3	16.8	16.4	15.7	16.6	17.3	17.5	17.1	16.1	15.1	16.2	16.1	16.5	16.5	16.1	16.9	16.0	16.1	17.1	16.9	16.8	16.2	16.7	16.0	15.9	16.5	15.3	16.0	15.9	15.7	15.6
Ï1	16.4	15.7	15.5	17.2	16.0	15.8	15.4	15.4	16.3	17.7	16.5	16.3	16.0	17.0	16.6	16.7	16.6	16.1	15.9	16.6	16.3	16.9	16.5	16.0	15.8	16.9	17.6	17.0	16.6	17.1	16.7
ØÊ	5.4	5.1	5.2	5.0	5.1	6.1	5.4	5.3	5.3	5.1	5.3	5.7	5.1	5.2	6.1	6.1	5.6	5.2	5.3	5.6	5.3	5.6	5.5	5.5	5.5	5.1	5.3	5.6	5.4	5.8	5.3
ÂÊ	5.6	5.2	5.3	5.6	5.2	5.3	5.4	6.0	6.1	5.7	5.8	5.2	5.3	5.5	5.4	5.7	5.5	5.4	5.8	5.8	5.8	5.4	5.9	5.4	5.7	5.8	5.7	5.8	5.6	6.1	5.6
ÄÊ	5.7	5.1	5.4	5.4	5.4	5.8	6.2	5.8	5.8	5.5	5.7	5.9	5.8	6.3	5.8	6.4	5.5	5.8	6.0	6.0	5.4	5.8	5.8	5.6	5.4	5.8	5.3	5.2	5.4	5.7	5.8
Õ2	19.0	18.6	17.9	19.5	19.0	18.3	17.6	18.3	19.0	19.7	19.1	19.3	18.4	17.8	19.0	17.9	18.6	18.9	18.0	19.2	19.4	19.2	19.4	18.7	18.7	20.0	20.5	20.3	19.7	19.9	19.9
Ì1	7.7	8.1	7.9	7.3	7.8	8.6	7.3	8.1	8.2	7.5	7.4	7.5	7.3	7.8	8.6	8.0	7.3	7.9	8.7	7.6	7.7	7.4	8.0	8.2	7.1	7.7	7.5	7.4	7.6	7.6	6.8
Ì2	5.5	5.4	5.4	5.8	5.4	7.0	5.5	5.7	5.3	5.7	5.4	5.1	5.1	5.4	5.4	5.7	5.1	5.5	5.5	5.1	5.1	5.5	5.2	6.3	5.7	5.1	5.5	5.4	5.3	5.3	5.8
Ì3	5.4	5.3	5.3	5.1	5.7	5.6	5.5	5.3	5.0	5.3	5.6	5.0	4.9	5.8	5.2	5.7	5.5	5.1	5.4	5.2	5.2	5.5	5.5	5.8	5.2	5.2	5.2	5.5	5.4	5.1	5.5
Ì4	4.5	4.0	4.4	4.3	4.9	4.5	4.6	4.3	4.3	4.4	5.0	4.4	4.6	4.3	4.4	4.3	4.3	4.6	4.5	4.0	4.3	4.5	4.9	5.0	4.9	4.4	4.5	4.6	4.8	4.7	4.6
Ì5	7.9	7.4	7.9	7.3	7.4	8.3	9.2	8.6	8.1	7.4	8.1	8.1	7.7	8.4	7.9	8.9	7.2	7.7	7.9	7.8	7.8	8.2	7.9	7.9	7.7	7.7	7.4	7.9	7.9	7.5	7.2
Ì6	5.5	5.3	5.6	5.4	5.6	5.8	5.8	5.5	5.7	5.3	5.6	5.6	5.3	5.1	5.7	6.5	5.7	5.2	5.4	5.7	5.0	5.4	5.2	5.6	5.2	5.6	5.4	5.2	5.8	6.2	5.7
Ì7	7.4	7.1	6.6	6.5	7.3	7.6	7.9	7.3	7.4	7.1	7.1	7.2	7.4	7.1	7.9	7.6	7.5	7.1	7.9	7.6	7.9	7.5	7.3	7.4	7.0	7.5	7.3	7.6	6.8	7.3	7.6
Ì8	6.5	6.4	4.8	5.8	6.2	5.5	6.4	7.2	6.0	6.6	7.2	7.4	7.6	5.8	5.6	6.0	7.4	6.9	6.9	7.0	5.3	5.2	6.9	6.8	5.8	6.7	7.2	7.5	7.0	7.1	6.8
Ç2	18.0	17.4	17.5	18.3	18.2	17.5	17.5	17.9	18.0	19.1	18.3	18.6	17.9	17.1	19.0	18.1	18.7	18.7	18.1	18.2	18.3	18.3	17.9	17.8	17.6	17.2	18.0	18.0	17.8	17.4	17.6
Ç1	16.1	18.0	17.4	15.5	15.4	17.1	16.9	16.4	15.6	16.1	15.3	15.3	16.4	14.6	14.6	13.4	13.7	15.9	16.4	15.0	15.0	15.4	15.3	18.3	18.0	16.6	17.5	17.4	16.1	16.7	19.4
Ê2	15.8	15.7	17.7	15.9	14.0	13.5	18.5	15.1	16.3	16.8	15.7	15.0	15.7	16.0	16.3	15.2	16.6	18.6	16.8	16.4	16.0	15.3	17.2	15.5	17.7	13.9	16.4	0.0	15.0	13.6	16.7
Ñ1	16.0	15.1	16.0	15.6	15.6	0.0	15.5	14.8	16.6	16.5	16.6	15.2	17.0	16.4	15.8	16.1	15.7	16.8	15.7	15.2	16.9	17.3	15.9	15.7	15.7	16.0	16.5	15.4	15.8	15.3	15.3
Â4	16.1	15.4	15.6	15.5	15.2	16.3	15.7	16.6	16.3	15.2	14.8	15.1	15.6	15.9	16.0	15.6	16.0	16.0	16.5	16.8	16.5	16.0	16.2	16.8	16.1	16.8	16.1	15.9	16.8	16.2	17.4
Ã5	16.2	13.9	14.1	14.0	17.6	16.8	16.5	16.3	16.5	14.9	18.5	16.6	16.6	15.5	17.0	17.4	19.4	17.1	17.0	18.0	17.4	18.0	16.8	16.2	15.5	14.5	16.3	13.8	14.3	14.9	11.7
Ã2	15.7	15.3	15.8	15.2	16.2	15.7	16.0	15.8	15.8	15.4	16.1	15.2	15.7	15.2	15.7	15.8	15.6	15.4	16.0	15.6	15.6	15.6	16.0	15.7	15.7	15.5	15.8	15.7	15.7	15.7	15.6
À1	16.5	9.5	12.6	4.6	11.5	9.8	8.4	6.0	16.4	36.4	11.2	18.9	11.3	13.9	10.8	28.6	13.4	23.2	11.0	19.3	20.6	8.9	12.1	10.5	14.6	19.1	26.5	27.6	13.8	14.1	13.0
Ì9	6.3	5.6	0.0	0.0	0.0	6.1	6.0	6.7	0.0	0.0	0.0	0.0	7.2	0.0	6.7	0.0	0.0	0.0	0.0	0.0	0.0	0.0	0.0	0.0	6.8	0.0	0.0	0.0	0.0	0.0	6.2



201709	---	1	2	3	4	5	6	7	8	9	10	11	12	13	14	15	16	17	18	19	20	21	22	23	24	25	26	27	28	29	30
Âñå	9.0	8.4	9.0	9.1	9.2	9.0	8.5	9.2	9.5	8.7	9.7	8.9	8.6	8.9	9.2	9.5	9.4	8.5	9.1	9.1	9.1	8.7	9.0	9.4	8.7	8.3	9.3	8.7	9.0	9.3	8.1
ÁÊ	4.0	0	0	0	0	0	0	0	0	0	0	0	0	0	0	2	0	0	1	0	0	0	0	0	0	1	0	0	0	0	0
Â2	9.2	7	8	9	9	11	7	9	12	8	12	10	11	8	11	9	9	9	8	10	9	10	11	10	7	8	11	9	8	8	8
Â3	14.4	15	15	17	13	14	13	13	16	15	20	15	13	15	12	14	18	16	13	16	15	14	12	15	13	12	13	14	12	14	14
Ã3	3.6	4	0	2	0	3	0	4	0	2	0	2	0	4	0	7	0	3	0	6	0	3	0	4	0	2	0	3	0	5	0
Ã4	13.1	13	12	12	12	13	11	12	15	12	13	13	17	11	12	12	10	9	14	17	14	14	17	14	13	12	14	13	13	12	16
Ê1	10.9	10	12	8	9	13	11	12	12	15	10	10	12	9	9	13	9	12	16	9	9	12	10	11	15	10	9	10	10	11	9
Ë1	10.9	10	14	12	11	13	12	15	10	8	10	14	8	10	14	12	10	9	11	9	9	10	9	9	12	10	11	12	10	13	10
Ï2	11.2	11	14	12	13	13	11	11	10	9	13	11	9	11	11	12	11	10	10	10	13	11	14	10	11	10	11	10	10	16	9
Ï1	9.4	9	9	12	9	9	8	10	9	9	11	10	10	10	14	10	10	6	9	11	9	9	6	8	10	9	9	9	10	9	9
ØÊ	6.5	7	7	6	6	7	6	7	7	7	6	8	6	7	7	6	7	6	6	5	6	6	6	8	6	7	7	7	6	7	6
ÂÊ	5.3	5	6	6	4	5	4	6	5	5	5	5	5	4	5	6	5	5	6	5	7	6	6	7	5	5	5	6	5	5	6
ÄÊ	6.7	6	8	8	6	6	8	7	7	6	7	6	7	8	8	6	6	7	7	6	6	6	7	7	7	7	7	5	5	6	7
Õ2	11.7	9	10	14	14	13	12	11	13	12	14	10	11	12	10	14	12	9	11	11	10	10	12	10	10	9	10	14	19	12	12
Ì1	11.8	11	14	9	12	13	14	13	11	11	15	12	10	13	17	11	10	10	15	12	10	10	12	11	11	11	14	13	10	11	7
Ì2	7.8	8	7	8	7	9	6	6	9	6	9	9	9	12	9	7	6	6	7	7	7	9	8	9	7	9	8	7	8	9	6
Ì3	8.0	10	10	8	6	6	7	7	6	12	11	7	12	6	6	9	7	9	9	6	9	7	8	7	8	5	9	9	8	5	10
Ì4	6.1	5	6	5	7	4	5	7	6	9	8	6	6	6	5	6	5	6	7	5	7	5	7	6	8	6	6	5	5	8	5
Ì5	10.5	11	8	8	11	12	12	12	11	11	10	10	9	10	10	13	8	8	10	11	9	13	10	15	9	9	10	14	11	10	10
Ì6	8.1	6	6	10	12	14	7	10	8	8	7	10	7	8	6	7	8	8	6	4	6	8	7	7	6	11	9	9	8	9	10
Ì7	8.1	8	7	6	10	7	9	9	9	8	5	8	5	8	9	8	6	9	9	8	8	10	9	7	6	10	11	7	7	12	9
Ì8	8.5	8	10	9	9	4	9	11	5	8	9	8	9	10	8	11	12	9	10	8	12	7	6	9	7	7	8	8	7	10	6
Ç2	12.8	12	13	13	15	12	13	13	16	12	13	10	14	11	13	15	15	13	13	11	11	10	13	13	15	12	14	12	14	12	12
Ç1	8.7	9	7	9	6	7	9	11	8	6	7	7	6	12	6	6	16	10	10	12	10	8	6	10	12	10	9	7	7	9	8
Ê2	7.1	11	6	7	7	5	5	6	11	8	6	10	4	5	5	6	11	9	7	9	9	6	6	8	7	7	5	0	10	8	3
Ñ1	7.2	6	6	5	7	0	8	5	9	8	11	5	6	8	8	6	9	5	7	7	7	6	10	8	4	9	8	8	9	8	7
Â4	11.5	9	11	13	11	14	9	18	10	10	12	8	14	9	14	12	12	10	13	13	12	13	9	13	9	14	10	9	12	10	13
Ã5	5.8	4	4	7	7	5	5	5	7	4	6	9	6	7	5	11	7	9	7	9	4	6	5	5	7	4	4	2	5	8	1
Ã2	12.8	12	11	10	14	14	12	10	12	13	12	13	11	12	14	16	14	11	11	18	17	14	15	12	12	13	15	10	12	13	11
À1	1.9	1	1	0	1	1	1	1	3	2	1	4	1	2	2	8	1	4	1	1	1	1	1	0	1	2	3	4	1	1	1
Ì9	4.8	6	0	0	0	6	3	6	0	0	0	0	2	0	7	0	0	0	0	0	0	0	0	0	5	0	0	0	0	0	3
