201809	Âñåãî	1	2	3	4	5	6	7	8	9	10	11	12	13	14	15	16	17	18	19	20	21	22	23	24	25	26	27	28	29	30
Âñå	88320	2997	2984	2943	2951	2943	3012	3088	2934	3028	2936	2867	2927	2973	3070	2937	2953	2842	2878	2915	2972	3012	2913	2938	2838	2872	2945	2930	2985	2800	2937
Â2	13038	450	434	431	467	458	441	459	434	475	461	445	417	439	447	444	437	419	377	415	416	421	444	454	401	425	408	415	452	408	444
Â3	20989	694	672	678	676	719	710	699	687	701	677	765	736	674	687	664	751	751	677	659	647	796	829	839	613	668	686	541	666	722	705
Ã3	237	0	22	0	24	0	0	0	20	0	23	0	10	0	0	0	18	0	0	0	27	0	20	0	23	0	28	0	22	0	0
Ã4	22152	712	754	769	708	754	769	794	729	759	727	732	725	789	747	741	740	738	711	760	753	767	711	744	722	732	731	742	705	669	718
Ê1	12969	434	413	402	442	455	442	441	467	493	429	396	446	415	432	433	404	403	445	451	431	468	463	415	389	356	478	446	441	401	438
Ë1	15728	499	468	465	548	549	508	563	458	483	572	579	602	514	497	465	550	544	539	518	489	516	542	560	576	544	483	483	531	522	561
Ï2	17618	589	560	578	584	591	625	594	570	582	570	549	624	601	613	595	566	567	620	570	581	611	571	597	591	558	565	597	585	578	636
Ï1	8231	298	249	246	271	268	279	262	268	285	257	268	286	313	280	248	286	258	256	266	277	283	283	279	268	264	264	317	317	282	253
ØÊ	32907	1104	1126	1108	1073	1103	1104	1111	1097	1103	1088	1074	1102	1107	1111	1112	1085	1091	1071	1076	1106	1101	1093	1105	1093	1073	1101	1090	1100	1077	1122
ÂÊ	19719	645	667	659	672	668	677	712	627	710	669	626	668	661	724	630	663	623	626	651	662	679	603	645	633	650	659	684	679	585	662
ÄÊ	22686	742	822	749	731	753	739	756	831	839	787	706	759	737	792	768	792	704	706	718	803	754	765	755	705	714	808	746	777	709	719
Õ2	13035	458	442	456	464	442	477	463	453	475	453	440	426	441	433	443	446	407	410	413	411	431	461	441	394	425	434	395	393	389	419
Ì1	27034	819	894	861	904	874	876	868	890	995	892	911	857	896	1012	874	898	879	834	916	925	938	906	889	885	894	946	904	1014	894	889
Ì2	31862	938	983	963	938	969	1000	1013	1035	1117	946	967	1136	1082	1203	968	1058	1101	1084	1090	1162	1137	1106	1121	1074	1079	1119	1129	1123	1087	1134
Ì3	22373	693	729	644	683	654	685	705	707	818	683	674	814	761	821	718	733	718	722	773	745	800	776	776	716	793	780	858	886	698	810
Ì4	25636	790	841	767	816	791	818	896	849	911	820	753	823	898	1010	819	898	862	805	901	901	894	841	877	770	868	941	905	906	820	845
Ì5	21511	713	697	683	703	740	708	691	684	704	678	727	747	740	724	686	749	724	722	723	728	758	680	701	680	731	693	779	798	709	711
Ì6	22326	801	748	728	800	755	778	883	797	791	732	725	746	750	780	773	732	668	717	712	704	757	706	734	704	707	773	704	704	710	707
Ì7	17161	656	599	614	636	579	410	545	563	561	635	597	456	601	594	559	585	615	573	561	593	552	546	547	566	577	565	596	581	550	549
Ì8	16303	713	653	701	681	603	675	700	589	506	663	562	530	519	442	584	529	523	514	489	444	484	482	475	538	500	439	407	453	426	479
Ç2	15539	522	491	515	485	530	531	553	505	496	547	536	502	479	507	496	509	553	546	519	491	518	527	530	547	502	522	503	519	530	528
Ç1	3685	149	172	151	172	96	95	106	133	178	130	73	68	119	160	170	91	41	53	111	144	148	134	151	75	100	114	154	170	96	131
Ê2	822	76	86	28	0	27	67	48	31	0	0	30	34	41	48	49	81	11	0	0	0	0	0	42	0	42	0	0	0	49	32
Ñ1	2463	82	146	171	0	49	77	85	157	146	0	44	5	85	157	143	50	39	32	118	159	179	38	34	23	67	127	110	77	29	34
Â4	8621	329	349	278	332	271	314	307	318	316	296	195	243	314	312	354	280	188	282	300	328	160	161	178	332	288	300	435	315	227	319
Ã5	1079	26	33	25	66	29	48	37	42	25	51	36	35	32	26	33	51	31	43	33	41	27	53	25	57	30	40	24	28	16	36
Ã2	18463	629	613	664	615	610	654	628	594	647	618	587	592	659	639	597	598	623	605	610	631	600	568	602	579	630	631	640	623	582	595
ÂÂ	46	1	0	0	1	1	1	0	2	1	2	0	2	2	0	1	4	2	0	2	1	1	3	0	1	5	5	2	4	1	1
ØÂ	49	1	1	0	3	2	1	1	2	0	2	1	2	0	0	0	2	2	4	2	1	2	1	3	4	1	1	2	2	4	2
ÍÆ	40	1	2	2	0	2	2	1	1	2	0	3	2	0	2	2	2	3	1	1	4	1	0	1	0	1	1	0	2	0	1
×Ê	27	1	0	1	2	2	0	3	1	1	3	0	1	0	0	0	0	0	4	1	2	2	1	0	1	0	0	0	0	1	0
À1	40	2	0	1	1	0	0	0	2	0	2	2	3	2	2	1	0	3	0	4	1	5	0	1	4	0	1	2	1	0	0
Ì9	1077	181	0	83	0	0	0	45	0	0	0	0	357	72	0	0	0	0	58	0	81	0	0	0	0	74	0	90	0	0	36
ÐÄÖ	87777	2976	2958	2922	2925	2932	2997	3076	2906	3010	2915	2851	2917	2959	3051	2929	2931	2828	2863	2902	2936	2991	2875	2937	2821	2856	2920	2916	2951	2799	2927
ÀÄÖ	81414	2738	2798	2719	2715	2705	2708	2787	2740	2873	2724	2619	2691	2712	2870	2712	2748	2594	2643	2646	2781	2756	2649	2673	2591	2643	2787	2737	2790	2575	2690
ÂÂÑ	10	0	0	1	0	0	0	0	1	0	0	1	1	0	0	1	0	0	0	0	1	2	0	0	2	0	0	0	0	0	0



201809	---	1	2	3	4	5	6	7	8	9	10	11	12	13	14	15	16	17	18	19	20	21	22	23	24	25	26	27	28	29	30
Âñå	0.72	0.70	0.71	0.72	0.71	0.71	0.71	0.72	0.71	0.71	0.71	0.71	0.73	0.71	0.72	0.71	0.72	0.72	0.72	0.72	0.73	0.71	0.70	0.71	0.74	0.72	0.73	0.72	0.72	0.71	0.71
Â2	0.06	0.06	0.04	0.05	0.06	0.04	0.05	0.04	0.06	0.05	0.04	0.06	0.10	0.06	0.04	0.07	0.07	0.05	0.06	0.06	0.07	0.04	0.05	0.06	0.10	0.09	0.13	0.07	0.05	0.04	0.08
Â3	0.09	0.07	0.08	0.06	0.08	0.05	0.09	0.08	0.07	0.07	0.07	0.07	0.16	0.08	0.09	0.11	0.10	0.08	0.07	0.07	0.06	0.06	0.09	0.07	0.16	0.10	0.16	0.16	0.06	0.07	0.11
Ã3	0.09	0.00	0.00	0.00	0.04	0.00	0.00	0.00	0.05	0.00	0.13	0.00	0.10	0.00	0.00	0.00	0.11	0.00	0.00	0.00	0.15	0.00	0.10	0.00	0.09	0.00	0.14	0.00	0.05	0.00	0.00
Ã4	0.15	0.13	0.13	0.15	0.13	0.15	0.12	0.15	0.12	0.15	0.14	0.15	0.17	0.14	0.15	0.14	0.17	0.17	0.13	0.14	0.14	0.15	0.11	0.18	0.28	0.15	0.17	0.16	0.16	0.13	0.14
Ê1	0.54	0.53	0.54	0.50	0.51	0.51	0.52	0.56	0.54	0.51	0.52	0.54	0.57	0.51	0.53	0.57	0.57	0.53	0.53	0.54	0.56	0.54	0.52	0.53	0.53	0.56	0.54	0.52	0.56	0.54	0.51
Ë1	0.54	0.50	0.50	0.51	0.59	0.59	0.54	0.53	0.49	0.54	0.60	0.56	0.60	0.53	0.49	0.50	0.53	0.53	0.51	0.51	0.54	0.49	0.56	0.54	0.59	0.56	0.56	0.51	0.58	0.53	0.53
Ï2	0.71	0.70	0.70	0.70	0.72	0.72	0.68	0.73	0.70	0.72	0.73	0.69	0.70	0.72	0.69	0.72	0.71	0.73	0.69	0.75	0.75	0.72	0.67	0.66	0.69	0.66	0.72	0.73	0.73	0.67	0.71
Ï1	0.61	0.58	0.62	0.61	0.62	0.64	0.59	0.59	0.63	0.62	0.60	0.61	0.55	0.60	0.61	0.69	0.62	0.62	0.63	0.62	0.64	0.58	0.57	0.66	0.64	0.63	0.65	0.60	0.61	0.61	0.59
ØÊ	0.97	0.97	0.96	0.97	0.98	0.97	0.97	0.97	0.98	0.98	0.98	0.98	0.97	0.97	0.97	0.97	0.97	0.98	0.97	0.98	0.98	0.97	0.98	0.98	0.97	0.99	0.98	0.98	0.98	0.98	0.97
ÂÊ	0.97	0.96	0.98	0.97	0.97	0.97	0.98	0.98	0.97	0.97	0.98	0.96	0.97	0.98	0.97	0.97	0.98	0.97	0.98	0.97	0.98	0.97	0.97	0.97	0.97	0.97	0.97	0.97	0.98	0.97	0.96
ÄÊ	0.98	0.97	0.98	0.98	0.98	0.97	0.99	0.97	0.98	0.97	0.98	0.98	0.97	0.99	0.96	0.98	0.97	0.97	0.98	0.99	0.98	0.97	0.98	0.97	0.97	0.98	0.98	0.98	0.98	0.98	0.97
Õ2	0.61	0.59	0.61	0.60	0.61	0.59	0.60	0.63	0.60	0.61	0.58	0.62	0.60	0.58	0.63	0.60	0.64	0.60	0.60	0.61	0.62	0.63	0.54	0.60	0.62	0.62	0.66	0.64	0.61	0.58	0.61
Ì1	0.83	0.84	0.83	0.84	0.79	0.83	0.84	0.86	0.81	0.81	0.80	0.81	0.88	0.84	0.81	0.80	0.80	0.83	0.84	0.84	0.86	0.82	0.81	0.83	0.83	0.84	0.84	0.86	0.82	0.82	0.84
Ì2	0.92	0.90	0.92	0.91	0.92	0.91	0.91	0.92	0.92	0.91	0.91	0.92	0.93	0.92	0.93	0.93	0.92	0.93	0.92	0.93	0.93	0.92	0.93	0.92	0.92	0.92	0.91	0.91	0.92	0.93	0.93
Ì3	0.79	0.74	0.76	0.81	0.75	0.80	0.80	0.81	0.78	0.76	0.75	0.75	0.80	0.81	0.83	0.78	0.80	0.80	0.80	0.81	0.83	0.79	0.77	0.80	0.82	0.84	0.82	0.78	0.78	0.78	0.81
Ì4	0.90	0.89	0.89	0.90	0.90	0.91	0.91	0.91	0.90	0.90	0.92	0.91	0.91	0.90	0.91	0.91	0.90	0.92	0.90	0.89	0.92	0.90	0.92	0.89	0.91	0.90	0.88	0.88	0.91	0.90	0.88
Ì5	0.85	0.84	0.84	0.87	0.84	0.86	0.84	0.85	0.85	0.82	0.86	0.84	0.85	0.86	0.85	0.85	0.85	0.88	0.86	0.85	0.87	0.84	0.85	0.85	0.87	0.87	0.86	0.83	0.86	0.87	0.85
Ì6	0.92	0.91	0.93	0.93	0.92	0.92	0.94	0.90	0.94	0.92	0.93	0.93	0.91	0.93	0.91	0.93	0.92	0.93	0.92	0.93	0.94	0.91	0.92	0.92	0.93	0.91	0.90	0.92	0.92	0.93	0.90
Ì7	0.89	0.86	0.88	0.88	0.89	0.89	0.93	0.92	0.90	0.87	0.86	0.90	0.90	0.89	0.84	0.86	0.87	0.90	0.91	0.92	0.91	0.89	0.89	0.90	0.90	0.87	0.90	0.90	0.86	0.85	0.85
Ì8	0.89	0.90	0.91	0.91	0.90	0.90	0.88	0.90	0.90	0.86	0.91	0.90	0.89	0.88	0.89	0.91	0.88	0.89	0.92	0.90	0.88	0.90	0.87	0.89	0.94	0.88	0.86	0.88	0.85	0.90	0.91
Ç2	0.66	0.63	0.64	0.65	0.65	0.63	0.67	0.64	0.63	0.66	0.63	0.66	0.71	0.68	0.67	0.66	0.71	0.71	0.70	0.67	0.68	0.64	0.66	0.69	0.64	0.67	0.66	0.64	0.64	0.72	0.66
Ç1	0.69	0.67	0.66	0.65	0.63	0.69	0.69	0.70	0.75	0.62	0.68	0.75	0.84	0.71	0.61	0.60	0.79	0.80	0.70	0.68	0.68	0.68	0.75	0.74	0.75	0.80	0.68	0.64	0.65	0.68	0.70
Ê2	0.45	0.47	0.49	0.50	0.00	0.44	0.36	0.44	0.39	0.00	0.00	0.47	0.41	0.44	0.44	0.47	0.53	0.55	0.00	0.00	0.00	0.00	0.00	0.36	0.00	0.57	0.00	0.00	0.00	0.45	0.41
Ñ1	0.50	0.51	0.55	0.55	0.00	0.47	0.39	0.39	0.54	0.51	0.00	0.34	0.80	0.36	0.59	0.59	0.42	0.36	0.50	0.53	0.48	0.51	0.45	0.44	0.74	0.39	0.53	0.48	0.60	0.55	0.41
Â4	0.10	0.10	0.07	0.08	0.07	0.07	0.07	0.07	0.07	0.09	0.09	0.14	0.11	0.10	0.15	0.14	0.15	0.06	0.07	0.08	0.11	0.11	0.05	0.14	0.15	0.09	0.16	0.09	0.12	0.09	0.13
Ã5	0.65	0.62	0.42	0.84	0.83	0.69	0.73	0.49	0.76	0.76	0.67	0.69	0.71	0.53	0.27	0.76	0.63	0.52	0.67	0.61	0.54	0.78	0.75	0.56	0.81	0.67	0.70	0.63	0.43	0.38	0.47
Ã2	0.74	0.74	0.73	0.77	0.76	0.80	0.78	0.80	0.78	0.73	0.75	0.78	0.76	0.71	0.69	0.74	0.71	0.74	0.76	0.74	0.72	0.74	0.70	0.73	0.75	0.71	0.71	0.73	0.70	0.68	0.73
ÂÂ	0.00	0.00	0.00	0.00	0.00	0.00	0.00	0.00	0.00	0.00	0.00	0.00	0.00	0.00	0.00	0.00	0.00	0.00	0.00	0.00	0.00	0.00	0.00	0.00	0.00	0.00	0.00	0.00	0.00	0.00	0.00
ØÂ	0.00	0.00	0.00	0.00	0.00	0.00	0.00	0.00	0.00	0.00	0.00	0.00	0.00	0.00	0.00	0.00	0.00	0.00	0.00	0.00	0.00	0.00	0.00	0.00	0.00	0.00	0.00	0.00	0.00	0.00	0.00
ÍÆ	0.00	0.00	0.00	0.00	0.00	0.00	0.00	0.00	0.00	0.00	0.00	0.00	0.00	0.00	0.00	0.00	0.00	0.00	0.00	0.00	0.00	0.00	0.00	0.00	0.00	0.00	0.00	0.00	0.00	0.00	0.00
×Ê	0.00	0.00	0.00	0.00	0.00	0.00	0.00	0.00	0.00	0.00	0.00	0.00	0.00	0.00	0.00	0.00	0.00	0.00	0.00	0.00	0.00	0.00	0.00	0.00	0.00	0.00	0.00	0.00	0.00	0.00	0.00
À1	0.00	0.00	0.00	0.00	0.00	0.00	0.00	0.00	0.00	0.00	0.00	0.00	0.00	0.00	0.00	0.00	0.00	0.00	0.00	0.00	0.00	0.00	0.00	0.00	0.00	0.00	0.00	0.00	0.00	0.00	0.00
Ì9	0.68	0.61	0.00	0.60	0.00	0.00	0.00	0.64	0.00	0.00	0.00	0.00	0.80	0.53	0.00	0.00	0.00	0.00	0.76	0.00	0.60	0.00	0.00	0.00	0.00	0.55	0.00	0.71	0.00	0.00	0.67



201809	---	1	2	3	4	5	6	7	8	9	10	11	12	13	14	15	16	17	18	19	20	21	22	23	24	25	26	27	28	29	30
Âñå	10.0	9.9	9.9	10.0	10.0	10.0	10.2	10.0	10.0	9.7	9.9	10.1	10.5	10.2	9.8	10.0	10.0	9.9	10.1	10.0	9.9	9.9	10.0	10.0	10.3	10.2	10.1	10.3	10.5	9.9	10.1
Â2	10.5	10.5	10.5	10.5	10.5	10.6	10.4	10.6	10.4	10.4	10.5	10.3	10.8	10.2	10.5	10.3	10.6	10.4	10.7	10.4	10.4	10.4	10.4	10.4	10.6	10.7	10.4	10.9	11.0	10.7	10.5
Â3	18.0	17.8	18.1	18.2	17.8	17.8	18.3	18.1	18.2	18.1	17.6	17.7	18.3	17.9	17.6	18.1	17.9	17.8	18.6	18.4	18.3	17.7	17.5	17.6	18.2	18.0	17.8	18.8	17.4	17.6	18.2
Ã3	12.3	0.0	11.3	0.0	11.8	0.0	0.0	0.0	11.4	0.0	13.7	0.0	11.6	0.0	0.0	0.0	12.0	0.0	0.0	0.0	11.3	0.0	12.6	0.0	12.1	0.0	13.5	0.0	14.0	0.0	0.0
Ã4	14.5	14.3	14.3	14.4	14.4	14.3	14.2	14.5	14.3	14.4	14.4	14.4	14.7	14.8	14.8	14.6	14.8	14.6	14.6	14.5	14.5	14.9	14.5	14.5	14.3	14.7	14.6	14.2	14.9	13.9	14.1
Ê1	17.8	17.6	17.5	16.5	17.5	17.0	18.2	18.1	17.5	17.3	17.0	17.9	17.8	18.5	17.9	17.8	17.9	17.1	18.0	17.1	18.9	18.0	16.8	17.6	18.7	18.2	18.1	18.0	18.9	17.4	18.3
Ë1	16.7	16.5	16.2	15.9	17.3	16.9	16.5	17.2	16.5	15.7	17.0	16.8	17.5	16.5	16.7	16.7	16.0	16.3	17.4	17.1	16.5	16.6	16.8	16.1	16.9	16.0	16.3	16.6	17.6	17.2	17.4
Ï2	15.7	15.6	15.6	15.5	15.7	16.1	15.7	15.4	15.8	15.6	16.2	16.0	14.8	15.3	16.0	16.1	16.6	16.0	14.9	14.4	15.1	15.8	15.9	17.5	16.5	16.9	15.3	14.2	15.3	16.0	14.8
Ï1	16.3	16.0	16.5	16.0	16.3	15.9	15.9	16.6	15.8	16.3	15.5	15.6	16.5	16.0	16.3	16.1	15.5	15.7	17.6	17.6	16.6	16.3	15.8	14.9	16.3	15.1	16.8	18.6	17.9	16.0	16.8
ØÊ	5.8	5.7	5.7	6.0	5.6	5.7	6.3	5.5	5.7	5.5	5.6	5.6	6.8	5.9	5.3	5.4	5.4	5.4	5.4	5.9	5.7	5.5	5.9	5.7	5.6	6.3	6.1	6.4	6.4	5.4	6.0
ÂÊ	5.9	5.3	5.5	5.2	5.4	5.5	5.2	5.3	5.4	5.7	5.3	5.2	6.2	6.7	5.6	5.3	5.9	6.0	6.6	6.3	6.2	6.1	5.9	6.6	5.9	6.5	6.4	6.6	6.5	5.9	6.9
ÄÊ	5.8	5.5	5.3	5.3	5.9	5.8	6.0	5.6	5.5	5.5	5.7	6.3	6.0	5.6	5.3	5.6	5.7	5.8	6.0	5.8	5.7	5.5	5.9	5.7	6.6	6.1	5.6	6.1	6.4	5.5	5.5
Õ2	19.0	18.0	18.8	18.7	19.1	18.4	18.5	19.2	18.8	18.6	18.2	19.2	19.8	18.2	19.1	18.8	17.6	19.7	20.6	20.2	19.7	18.8	17.5	17.5	18.9	18.4	20.8	22.1	19.6	18.3	20.3
Ì1	7.5	6.7	7.8	7.4	7.4	7.3	7.4	7.5	7.4	6.7	7.3	7.6	9.0	7.5	7.4	7.3	7.5	7.3	7.5	7.3	7.5	7.1	6.9	7.6	7.4	7.6	8.4	8.7	8.5	7.0	7.5
Ì2	5.6	6.1	6.3	6.5	5.5	5.6	6.0	5.5	5.5	5.0	5.4	5.6	6.7	5.5	4.7	5.7	5.7	5.7	5.2	5.4	5.0	4.7	5.9	5.4	5.7	5.8	5.9	5.4	5.5	5.2	5.3
Ì3	5.3	5.1	5.6	5.0	5.0	5.4	5.2	5.2	5.4	5.0	5.1	5.3	5.7	6.0	5.3	4.9	5.0	5.0	5.3	5.3	5.1	5.0	5.1	5.3	5.7	5.0	5.1	5.4	5.8	5.3	5.6
Ì4	4.5	4.2	4.4	4.3	4.1	4.3	4.6	4.3	3.9	4.2	4.4	4.6	4.8	5.0	4.2	4.1	4.6	4.4	5.0	4.6	4.1	4.1	4.3	4.5	4.7	4.4	4.3	4.7	4.9	4.4	5.2
Ì5	7.4	7.1	6.9	7.9	8.1	7.7	7.9	7.7	7.8	7.3	8.1	7.8	7.8	6.8	7.6	7.6	7.1	6.6	7.1	7.0	6.9	7.2	7.3	7.1	8.3	7.5	7.2	7.2	7.5	6.8	6.7
Ì6	5.4	5.6	5.1	5.2	5.2	5.2	5.3	5.2	5.3	4.9	5.0	5.5	5.6	5.8	5.2	5.2	5.4	5.3	5.7	5.6	5.4	5.1	5.1	5.4	6.0	5.7	5.2	5.8	5.9	5.7	5.7
Ì7	7.3	6.6	7.0	7.0	7.0	7.1	7.2	7.2	7.0	6.9	7.3	7.6	8.6	7.8	7.8	7.2	6.9	7.1	7.2	7.6	7.7	7.1	7.0	7.2	7.4	7.5	7.7	8.1	7.8	7.6	7.2
Ì8	5.4	4.9	4.8	4.9	4.9	5.0	6.4	5.6	5.5	6.0	4.9	4.9	6.5	6.0	6.0	5.1	4.9	4.8	5.5	5.5	5.6	5.5	5.3	5.4	5.4	5.8	6.0	6.3	6.2	5.4	5.3
Ç2	18.1	18.1	18.2	17.7	18.0	17.9	18.0	18.0	18.0	17.7	17.7	18.0	19.0	18.9	18.0	17.9	18.3	18.3	17.8	18.1	17.9	17.7	18.1	17.5	18.8	18.0	17.5	18.8	19.5	18.1	18.1
Ç1	16.0	16.8	16.0	16.4	15.3	15.9	17.2	16.9	16.5	16.0	16.5	16.6	17.4	14.8	15.0	15.5	15.9	16.1	15.9	14.6	16.1	16.2	16.3	15.4	14.3	18.1	16.5	14.1	18.8	15.6	14.9
Ê2	16.1	16.8	16.6	14.8	0.0	13.8	14.2	17.0	17.9	0.0	0.0	16.8	14.1	15.2	16.8	17.0	17.5	15.4	0.0	0.0	0.0	0.0	0.0	13.9	0.0	18.2	0.0	0.0	0.0	16.4	14.1
Ñ1	16.0	17.0	15.3	15.6	0.0	15.6	14.9	16.9	15.7	16.1	0.0	16.3	4.6	15.3	16.6	16.6	14.8	13.8	13.4	16.6	15.6	16.4	15.0	15.2	15.5	15.7	15.6	16.0	20.7	15.7	15.9
Â4	15.8	16.2	15.8	16.1	15.9	15.4	14.8	15.8	15.4	15.3	15.5	15.9	15.5	16.0	16.6	16.4	16.0	15.0	15.2	15.6	15.6	16.6	15.1	16.5	15.7	17.0	15.5	16.4	16.4	15.5	15.3
Ã5	16.4	16.6	15.4	15.1	16.0	15.8	14.5	14.6	15.7	15.0	16.9	17.4	15.9	19.2	18.4	16.9	16.5	16.7	15.4	17.3	17.7	15.1	16.4	14.8	17.5	18.8	14.9	15.9	20.1	15.3	15.3
Ã2	15.6	15.3	15.3	15.7	15.3	15.6	15.3	15.5	15.5	15.2	15.5	15.5	15.8	15.9	15.5	15.6	15.9	15.6	15.8	15.7	15.3	15.9	15.7	16.1	15.6	15.9	15.5	15.6	15.6	15.1	15.0
ÂÂ	2.0	1.0	0.0	0.0	41.0	1.0	1.0	0.0	1.0	1.0	1.0	0.0	1.0	1.0	0.0	1.0	1.0	1.0	0.0	1.0	1.0	1.0	1.0	0.0	1.0	1.0	1.0	1.0	2.8	1.0	1.0
ØÂ	1.2	1.0	3.0	0.0	1.0	1.0	1.0	2.0	1.0	0.0	1.0	1.0	1.5	0.0	0.0	0.0	1.0	1.0	1.0	1.0	1.0	1.0	1.0	1.0	2.0	1.0	1.0	1.0	1.0	1.0	1.0
ÍÆ	10.8	7.0	16.0	1.0	0.0	1.0	4.5	37.0	8.0	28.0	0.0	5.0	1.0	0.0	13.5	5.5	41.0	12.3	1.0	1.0	1.0	1.0	0.0	11.0	0.0	1.0	29.0	0.0	25.5	0.0	7.0
×Ê	5.1	1.0	0.0	1.0	1.5	1.0	0.0	1.7	3.0	1.0	2.7	0.0	4.0	0.0	0.0	0.0	0.0	0.0	20.3	4.0	3.5	6.0	3.0	0.0	1.0	0.0	0.0	0.0	0.0	3.0	0.0
À1	4.3	1.0	0.0	1.0	1.0	0.0	0.0	0.0	7.5	0.0	13.5	1.0	1.0	1.0	1.0	1.0	0.0	1.0	0.0	1.0	0.0	6.4	0.0	43.0	6.5	0.0	1.0	1.0	1.0	0.0	0.0
Ì9	6.6	5.5	0.0	6.2	0.0	0.0	0.0	5.6	0.0	0.0	0.0	0.0	8.2	4.9	0.0	0.0	0.0	0.0	4.9	0.0	5.5	0.0	0.0	0.0	0.0	6.8	0.0	7.1	0.0	0.0	4.9



201809	---	1	2	3	4	5	6	7	8	9	10	11	12	13	14	15	16	17	18	19	20	21	22	23	24	25	26	27	28	29	30
Âñå	9.7	10.3	9.0	9.3	10.0	9.7	10.1	9.1	9.6	10.2	9.3	10.0	9.5	10.1	9.8	9.5	9.0	9.3	9.1	10.2	9.7	10.4	9.3	9.2	10.0	9.6	9.0	10.5	10.3	9.6	9.4
Â2	9.5	11	9	10	9	10	11	10	9	10	8	9	12	10	9	9	8	10	11	9	7	7	7	12	8	13	8	10	10	8	10
Â3	17.2	17	16	16	17	22	19	16	13	19	16	18	16	20	15	20	17	19	15	22	16	21	19	16	14	18	15	14	14	18	19
Ã3	3.1	0	2	0	4	0	0	0	4	0	4	0	2	0	0	0	2	0	0	0	5	0	1	0	4	0	3	0	3	0	0
Ã4	14.0	14	13	16	13	16	16	15	13	14	11	16	11	16	14	13	13	15	12	12	12	15	12	14	13	17	17	14	15	14	13
Ê1	12.4	12	10	10	12	13	16	11	13	17	11	14	12	12	13	14	11	8	11	13	14	16	10	11	12	10	12	16	15	12	12
Ë1	12.3	10	9	13	16	15	10	12	9	10	14	14	14	12	14	10	12	13	11	12	11	14	16	11	15	11	11	11	12	10	16
Ï2	12.6	13	13	12	14	15	17	11	13	9	10	14	13	15	13	13	11	9	13	13	13	13	13	14	16	11	13	12	11	10	11
Ï1	8.9	10	10	9	8	9	9	10	8	12	6	10	8	11	6	7	9	8	9	8	8	9	9	10	7	9	10	11	9	8	10
ØÊ	8.2	11	7	9	7	9	9	8	9	8	8	7	9	8	7	11	9	7	9	8	9	8	7	7	7	9	8	9	8	7	8
ÂÊ	6.3	8	6	6	6	7	6	5	6	6	6	7	6	6	7	5	5	6	8	7	5	6	7	6	7	6	7	7	6	6	8
ÄÊ	7.9	7	8	7	7	7	5	6	13	10	12	7	6	6	7	7	12	7	6	6	12	6	6	6	7	7	11	12	10	7	6
Õ2	11.3	12	9	12	14	11	10	12	13	12	9	11	13	13	12	10	9	14	10	13	11	13	12	10	10	11	10	11	9	11	12
Ì1	12.6	13	11	12	14	11	13	14	14	13	10	14	11	13	14	11	14	14	11	12	13	9	9	16	12	14	13	13	18	12	11
Ì2	9.0	9	10	9	9	7	8	8	8	8	9	9	11	10	9	8	9	13	9	8	10	9	9	9	10	8	8	11	10	9	7
Ì3	8.2	8	8	6	9	7	7	6	10	7	6	8	10	9	8	8	7	7	7	9	7	8	8	11	14	6	10	9	9	9	9
Ì4	6.1	4	6	6	4	4	8	6	6	6	5	5	6	8	7	5	6	6	6	8	6	6	6	7	6	6	6	7	7	6	7
Ì5	10.2	10	7	12	11	9	9	10	11	13	11	9	11	13	11	11	11	9	8	9	12	9	8	8	12	13	9	13	13	7	8
Ì6	7.2	7	7	7	10	6	8	10	7	9	8	7	6	7	8	6	6	6	7	7	7	6	11	6	10	6	6	6	7	6	5
Ì7	9.0	9	9	9	9	8	9	8	8	9	11	10	9	9	11	7	9	11	9	8	8	8	10	8	9	7	8	14	8	9	9
Ì8	8.1	11	10	6	11	11	8	9	11	8	8	6	7	7	5	8	7	5	7	8	9	10	11	7	7	10	8	7	7	8	7
Ç2	14.2	16	12	16	11	15	17	16	13	13	16	16	13	11	13	13	13	12	15	13	11	17	14	15	17	13	14	14	16	18	13
Ç1	9.3	13	10	7	10	12	8	10	8	11	10	9	6	11	11	15	6	8	9	10	7	9	10	7	8	8	7	10	12	8	8
Ê2	5.5	6	10	3	0	3	6	4	7	0	0	6	8	4	5	6	8	0	0	0	0	0	0	4	0	3	0	0	0	6	4
Ñ1	7.1	8	8	7	0	6	7	8	9	10	0	5	4	8	7	7	7	5	6	8	7	8	5	9	4	9	7	7	11	8	4
Â4	12.2	18	14	11	14	14	9	9	14	10	12	11	14	12	10	11	10	10	13	12	13	14	11	10	11	10	13	12	13	16	14
Ã5	5.4	5	5	4	8	4	5	5	4	6	5	6	4	6	6	6	7	4	7	8	7	4	7	0	7	5	4	3	6	3	5
Ã2	13.4	12	12	13	12	11	12	13	15	14	14	12	12	13	13	15	12	15	11	13	14	15	13	12	14	16	13	16	18	14	14
ÂÂ	1.0	0	0	0	1	0	0	0	0	0	0	0	0	0	0	0	0	0	0	0	0	0	0	0	0	0	1	0	0	0	0
ØÂ	1.0	0	0	0	0	1	0	0	0	0	0	0	0	0	0	0	0	0	0	0	0	0	0	0	0	0	0	0	0	0	0
ÍÆ	1.0	0	1	0	0	0	0	1	1	1	0	0	0	0	0	1	1	1	0	0	0	0	0	1	0	0	1	0	1	0	0
×Ê	1.0	0	0	0	0	0	0	0	0	0	0	0	0	0	0	0	0	0	1	0	0	0	1	0	0	0	0	0	0	0	0
À1	1.0	0	0	0	0	0	0	0	0	0	1	0	0	0	0	0	0	0	0	0	0	0	0	1	0	0	0	0	0	0	0
Ì9	4.7	5	0	3	0	0	0	1	0	0	0	0	13	2	0	0	0	0	5	0	8	0	0	0	0	2	0	4	0	0	4
