201610	Âñåãî	1	2	3	4	5	6	7	8	9	10	11	12	13	14	15	16	17	18	19	20	21	22	23	24	25	26	27	28	29	30	31
Âñå	68367	2309	2323	2220	2251	2302	2269	2376	2255	2267	2287	2246	2282	2301	2419	2234	2238	2248	2220	2278	2258	2347	2172	2168	2169	2181	683	2248	2369	2147	2175	2125
ÁÊ	53	0	1	0	3	5	2	3	0	2	2	3	1	3	3	0	2	0	4	6	1	1	0	1	0	2	0	1	4	0	2	1
Â2	9070	316	342	287	288	305	315	328	321	346	308	292	274	303	322	306	313	304	258	296	303	298	277	322	280	279	74	267	295	288	294	269
Â3	18423	634	665	619	614	596	592	618	625	675	626	601	584	581	632	647	647	594	609	561	579	644	623	596	571	553	166	610	665	583	583	530
Ã3	538	19	19	0	20	27	24	18	22	0	22	12	28	22	23	0	17	21	25	14	24	0	29	16	23	16	30	0	22	0	26	19
Ã4	18153	565	580	609	578	567	593	608	537	606	600	588	615	623	659	591	599	628	594	631	639	646	572	572	607	584	174	630	621	564	564	609
Ê1	8789	350	342	261	263	287	293	299	320	301	295	285	269	272	290	307	313	270	281	263	284	307	337	274	225	248	111	302	305	314	268	253
Ë1	11731	345	403	415	413	391	388	388	360	354	396	380	429	372	420	350	443	399	352	363	378	407	377	379	405	348	108	374	496	354	372	372
Ï2	13516	490	458	447	435	468	428	455	446	430	451	440	442	457	468	468	424	467	452	425	437	462	430	418	414	455	146	465	477	430	417	414
Ï1	6861	244	239	225	226	229	225	218	212	207	224	227	225	235	230	235	230	229	234	246	230	228	219	217	208	228	44	235	241	232	229	210
ØÊ	23758	811	804	780	790	778	795	785	798	792	778	786	782	802	803	804	782	786	791	770	771	778	778	773	763	770	249	773	783	765	779	759
ÂÊ	13364	425	450	436	472	430	448	486	440	454	446	437	440	454	472	420	429	430	437	432	462	488	422	417	412	438	133	462	491	415	409	377
ÄÊ	18754	661	662	641	619	649	617	671	613	617	634	596	648	618	657	615	623	627	595	637	600	637	567	591	608	584	167	593	641	593	590	583
Õ2	8742	281	326	254	259	304	225	338	321	344	327	312	267	301	329	300	282	260	263	264	284	299	283	307	259	269	84	267	281	270	314	268
Ì1	21559	724	735	731	670	721	716	775	693	679	680	695	753	724	770	660	696	733	725	745	716	755	659	676	730	705	187	721	716	673	693	703
Ì2	23191	801	713	733	758	775	760	810	779	733	763	764	813	745	807	716	755	799	817	767	722	789	716	764	775	780	264	746	825	736	743	723
Ì3	9368	509	517	138	293	431	398	409	402	26	297	423	414	340	82	43	275	389	435	418	71	101	278	338	377	392	80	100	354	349	352	337
Ì4	18578	611	614	730	637	545	576	565	538	724	596	556	625	578	717	718	631	626	600	547	734	743	616	561	512	540	183	762	691	553	507	442
Ì5	16077	569	578	560	531	553	520	537	527	499	411	513	543	549	564	545	450	561	557	558	550	586	471	487	510	547	138	568	575	506	502	512
Ì6	18147	612	643	614	567	608	633	695	640	615	667	561	614	566	634	592	634	568	545	584	549	585	563	574	595	596	153	570	643	624	555	548
Ì7	8694	295	244	280	187	425	493	373	242	168	172	301	346	378	276	167	146	363	374	324	259	282	156	225	408	381	138	241	201	176	328	345
Ì8	16688	519	505	516	545	541	498	537	563	618	614	543	497	567	610	622	551	507	495	565	598	629	568	502	534	484	183	550	575	529	553	570
Ç2	13053	444	452	411	407	423	435	446	440	455	429	389	430	426	451	412	459	409	406	426	431	491	427	444	457	408	141	450	481	410	385	378
Ç1	3445	115	133	110	98	149	143	147	129	148	95	130	115	112	108	95	93	119	124	128	144	115	89	107	126	77	0	79	91	97	130	99
Õ1	140	0	0	0	45	13	82	0	0	0	0	0	0	0	0	0	0	0	0	0	0	0	0	0	0	0	0	0	0	0	0	0
Ê2	1415	49	30	28	51	79	58	41	70	65	48	67	55	54	78	42	22	41	21	50	59	43	0	29	48	47	0	32	35	28	95	50
Ñ1	2360	105	76	78	83	99	84	101	67	78	82	59	107	124	78	68	68	64	90	105	98	64	35	82	50	103	0	83	0	71	64	94
Â1	1	1	0	0	0	0	0	0	0	0	0	0	0	0	0	0	0	0	0	0	0	0	0	0	0	0	0	0	0	0	0	0
Â4	2345	112	90	50	79	108	97	100	72	76	84	79	64	117	112	47	35	74	47	88	87	66	0	95	76	109	6	66	47	63	103	96
Ã5	848	21	29	23	21	24	32	22	34	29	26	21	32	21	29	30	30	32	27	23	30	25	26	32	38	24	30	27	31	26	36	17
Ã6	399	11	11	16	14	17	13	14	14	10	17	14	13	15	14	14	9	13	14	12	14	13	12	9	13	14	5	17	16	12	9	10
Ã2	14762	455	444	466	436	500	482	522	454	495	504	492	490	530	538	493	449	490	498	523	514	525	496	440	487	460	163	507	488	446	463	512
À1	365	10	6	8	17	34	21	8	13	10	22	15	14	25	26	9	1	13	15	6	13	9	3	30	9	18	4	8	20	5	0	3
À2	1	0	0	0	0	0	0	0	0	0	0	0	0	0	0	1	0	0	0	0	0	0	0	2	0	0	0	0	0	0	0	0
ÐÄÖ	67838	2300	2317	2205	2231	2276	2244	2359	2236	2256	2273	2222	2264	2279	2396	2216	2224	2234	2207	2252	2243	2325	2159	2159	2161	2165	648	2234	2345	2133	2166	2109
ÀÄÖ	62242	2131	2133	2055	2027	2091	2061	2155	2056	2065	2068	2035	2071	2075	2167	2046	2039	2050	2027	2084	2052	2142	1989	1958	2005	2009	597	2058	2126	1961	1970	1939
ÂÂÑ	221	7	5	6	14	15	12	8	9	6	9	12	8	11	19	8	1	9	11	2	7	5	3	0	4	10	2	4	9	4	0	1



201610	---	1	2	3	4	5	6	7	8	9	10	11	12	13	14	15	16	17	18	19	20	21	22	23	24	25	26	27	28	29	30	31
Âñå	0.76	0.76	0.76	0.77	0.78	0.75	0.76	0.76	0.77	0.75	0.76	0.76	0.76	0.76	0.75	0.75	0.76	0.76	0.77	0.75	0.75	0.75	0.76	0.75	0.75	0.78	0.77	0.75	0.77	0.76	0.76	0.75
ÁÊ	0.98	0.00	1.00	0.00	1.00	1.00	1.00	1.00	0.00	1.00	1.00	1.00	1.00	1.00	1.00	0.00	1.00	0.00	1.00	1.00	1.00	1.00	0.00	1.00	0.00	1.00	0.00	1.00	0.75	0.00	1.00	1.00
Â2	0.06	0.07	0.05	0.04	0.06	0.07	0.07	0.07	0.06	0.09	0.07	0.09	0.07	0.07	0.07	0.05	0.06	0.06	0.05	0.06	0.05	0.06	0.04	0.04	0.04	0.09	0.11	0.03	0.07	0.05	0.05	0.05
Â3	0.31	0.27	0.31	0.31	0.27	0.30	0.31	0.32	0.34	0.33	0.34	0.30	0.28	0.32	0.29	0.33	0.30	0.33	0.30	0.29	0.31	0.32	0.30	0.28	0.26	0.35	0.31	0.31	0.33	0.31	0.38	0.31
Ã3	0.37	0.47	0.32	0.00	0.35	0.33	0.42	0.28	0.32	0.00	0.32	0.25	0.57	0.27	0.39	0.00	0.18	0.24	0.40	0.36	0.38	0.00	0.34	0.31	0.43	0.19	0.43	0.00	0.50	0.00	0.50	0.32
Ã4	0.32	0.30	0.34	0.34	0.34	0.32	0.31	0.30	0.34	0.32	0.32	0.33	0.32	0.32	0.27	0.29	0.34	0.34	0.31	0.27	0.33	0.31	0.33	0.35	0.29	0.35	0.43	0.34	0.33	0.31	0.35	0.31
Ê1	0.55	0.63	0.62	0.64	0.58	0.56	0.55	0.50	0.58	0.53	0.53	0.54	0.54	0.51	0.54	0.61	0.58	0.49	0.53	0.57	0.54	0.54	0.54	0.49	0.48	0.60	0.47	0.57	0.52	0.58	0.48	0.50
Ë1	0.66	0.67	0.61	0.65	0.68	0.64	0.69	0.69	0.70	0.64	0.68	0.72	0.67	0.67	0.65	0.67	0.62	0.64	0.66	0.64	0.65	0.67	0.73	0.61	0.68	0.69	0.65	0.67	0.65	0.64	0.71	0.68
Ï2	0.70	0.72	0.70	0.73	0.73	0.64	0.72	0.67	0.70	0.70	0.71	0.68	0.73	0.69	0.71	0.69	0.71	0.71	0.74	0.72	0.68	0.72	0.65	0.68	0.68	0.72	0.71	0.68	0.73	0.70	0.73	0.73
Ï1	0.65	0.60	0.63	0.64	0.70	0.68	0.63	0.70	0.70	0.68	0.67	0.65	0.62	0.69	0.66	0.61	0.67	0.64	0.65	0.62	0.66	0.62	0.63	0.66	0.66	0.65	0.82	0.68	0.67	0.61	0.69	0.62
ØÊ	0.99	0.99	1.00	0.99	0.99	1.00	0.99	0.99	0.99	1.00	0.99	1.00	0.99	1.00	1.00	1.00	0.99	1.00	0.99	1.00	1.00	0.99	1.00	1.00	0.99	1.00	0.99	0.99	0.99	1.00	0.99	0.99
ÂÊ	0.99	1.00	0.99	0.99	0.99	0.99	0.99	0.99	0.99	0.99	0.99	0.99	0.99	0.98	0.99	0.99	1.00	0.99	0.99	0.99	0.98	0.98	0.99	0.99	0.99	0.98	0.95	0.97	0.99	0.99	1.00	0.99
ÄÊ	0.99	0.98	1.00	1.00	1.00	0.99	0.99	0.99	0.99	0.99	1.00	1.00	1.00	0.99	1.00	0.99	1.00	1.00	0.99	1.00	1.00	1.00	1.00	0.99	1.00	1.00	1.00	0.99	1.00	1.00	1.00	0.99
Õ2	0.57	0.60	0.63	0.62	0.56	0.57	0.53	0.55	0.59	0.58	0.57	0.56	0.58	0.53	0.54	0.57	0.63	0.57	0.59	0.52	0.55	0.60	0.57	0.58	0.60	0.68	0.46	0.55	0.52	0.56	0.51	0.50
Ì1	0.86	0.85	0.85	0.84	0.89	0.85	0.87	0.84	0.86	0.82	0.85	0.87	0.87	0.84	0.84	0.84	0.86	0.86	0.87	0.84	0.85	0.84	0.84	0.90	0.86	0.88	0.90	0.85	0.87	0.88	0.87	0.84
Ì2	0.95	0.94	0.95	0.95	0.96	0.93	0.94	0.94	0.93	0.95	0.94	0.94	0.96	0.94	0.94	0.93	0.95	0.95	0.96	0.95	0.94	0.94	0.95	0.95	0.94	0.95	0.92	0.96	0.95	0.95	0.95	0.95
Ì3	0.76	0.77	0.76	0.84	0.77	0.74	0.77	0.73	0.81	0.81	0.74	0.77	0.77	0.76	0.84	0.77	0.73	0.74	0.79	0.71	0.83	0.84	0.73	0.71	0.75	0.75	0.82	0.82	0.79	0.74	0.72	0.72
Ì4	0.89	0.93	0.94	0.86	0.93	0.90	0.93	0.94	0.91	0.86	0.92	0.89	0.91	0.93	0.88	0.85	0.89	0.90	0.93	0.93	0.83	0.81	0.88	0.89	0.91	0.91	0.88	0.85	0.91	0.90	0.91	0.88
Ì5	0.86	0.86	0.84	0.86	0.90	0.83	0.84	0.85	0.87	0.88	0.85	0.87	0.86	0.87	0.89	0.86	0.84	0.86	0.86	0.84	0.86	0.84	0.84	0.84	0.84	0.84	0.89	0.85	0.87	0.84	0.86	0.84
Ì6	0.93	0.92	0.94	0.95	0.96	0.93	0.93	0.95	0.93	0.94	0.94	0.93	0.92	0.95	0.95	0.92	0.92	0.93	0.94	0.92	0.93	0.93	0.94	0.93	0.94	0.91	0.87	0.92	0.92	0.93	0.92	0.91
Ì7	0.92	0.91	0.92	0.93	0.96	0.90	0.90	0.91	0.93	0.90	0.93	0.93	0.94	0.89	0.92	0.92	0.94	0.92	0.89	0.90	0.94	0.93	0.90	0.96	0.91	0.91	0.96	0.93	0.95	0.94	0.92	0.92
Ì8	0.90	0.87	0.90	0.87	0.93	0.93	0.93	0.89	0.88	0.88	0.90	0.90	0.92	0.90	0.88	0.88	0.90	0.92	0.93	0.88	0.89	0.88	0.88	0.92	0.89	0.95	0.89	0.85	0.90	0.90	0.93	0.91
Ç2	0.72	0.76	0.74	0.78	0.77	0.70	0.69	0.70	0.71	0.71	0.71	0.70	0.68	0.73	0.69	0.73	0.71	0.72	0.72	0.74	0.68	0.73	0.74	0.70	0.68	0.76	0.71	0.69	0.72	0.73	0.73	0.72
Ç1	0.73	0.69	0.78	0.78	0.69	0.74	0.73	0.67	0.72	0.68	0.75	0.73	0.70	0.71	0.81	0.77	0.83	0.73	0.69	0.63	0.66	0.65	0.78	0.80	0.68	0.87	0.00	0.76	0.86	0.82	0.72	0.73
Õ1	0.66	0.00	0.00	0.00	0.58	0.54	0.72	0.00	0.00	0.00	0.00	0.00	0.00	0.00	0.00	0.00	0.00	0.00	0.00	0.00	0.00	0.00	0.00	0.00	0.00	0.00	0.00	0.00	0.00	0.00	0.00	0.00
Ê2	0.52	0.78	0.70	0.50	0.49	0.41	0.62	0.59	0.50	0.38	0.63	0.49	0.64	0.65	0.44	0.62	0.64	0.37	0.57	0.52	0.46	0.37	0.00	0.41	0.38	0.66	0.00	0.53	0.51	0.68	0.42	0.54
Ñ1	0.65	0.76	0.53	0.65	0.65	0.58	0.62	0.65	0.76	0.67	0.62	0.66	0.66	0.73	0.63	0.72	0.53	0.58	0.68	0.65	0.63	0.73	0.63	0.51	0.64	0.71	0.00	0.60	0.00	0.65	0.61	0.71
Â1	1.00	1.00	0.00	0.00	0.00	0.00	0.00	0.00	0.00	0.00	0.00	0.00	0.00	0.00	0.00	0.00	0.00	0.00	0.00	0.00	0.00	0.00	0.00	0.00	0.00	0.00	0.00	0.00	0.00	0.00	0.00	0.00
Â4	0.47	0.46	0.48	0.48	0.47	0.51	0.43	0.49	0.57	0.37	0.51	0.53	0.44	0.62	0.43	0.43	0.31	0.51	0.45	0.38	0.61	0.39	0.00	0.46	0.45	0.42	0.00	0.52	0.40	0.48	0.50	0.45
Ã5	0.84	0.81	0.86	0.91	0.90	0.75	0.91	0.86	0.82	0.79	0.85	0.90	0.81	0.86	0.83	0.73	0.67	0.88	0.96	0.91	0.80	0.88	0.81	0.84	0.92	0.96	0.80	0.63	0.90	0.81	0.94	0.71
Ã6	0.96	0.91	1.00	1.00	1.00	0.88	1.00	0.93	1.00	1.00	0.94	1.00	0.85	0.87	1.00	1.00	1.00	0.85	1.00	1.00	0.93	0.92	1.00	1.00	1.00	1.00	1.00	1.00	0.94	1.00	1.00	1.00
Ã2	0.79	0.76	0.76	0.79	0.85	0.78	0.82	0.81	0.77	0.77	0.80	0.79	0.74	0.76	0.75	0.78	0.82	0.78	0.78	0.75	0.74	0.78	0.81	0.82	0.76	0.83	0.77	0.79	0.80	0.84	0.78	0.78
À1	0.71	0.70	0.83	0.88	0.88	0.59	0.67	0.88	0.85	0.90	0.64	0.80	0.86	0.60	0.73	0.78	0.00	0.69	0.93	0.33	0.54	0.67	1.00	0.43	0.67	0.56	0.75	0.50	0.70	1.00	0.00	0.33
À2	1.00	0.00	0.00	0.00	0.00	0.00	0.00	0.00	0.00	0.00	0.00	0.00	0.00	0.00	0.00	1.00	0.00	0.00	0.00	0.00	0.00	0.00	0.00	0.00	0.00	0.00	0.00	0.00	0.00	0.00	0.00	0.00
