201807	Âñåãî	1	2	3	4	5	6	7	8	9	10	11	12	13	14	15	16	17	18	19	20	21	22	23	24	25	26	27	28	29	30	31
Âñå	92758	2969	3075	2929	2930	2989	3144	3114	3009	2915	2994	3208	3061	3032	3044	3179	3339	2999	3009	2949	2890	2913	2953	2914	2923	2669	2941	2940	2933	2933	2925	2936
Â2	13848	482	442	428	463	449	465	473	506	445	433	426	460	456	441	470	439	466	440	433	438	427	438	415	458	412	427	430	429	447	442	468
Â3	21351	693	632	700	673	611	657	773	820	614	672	640	648	632	753	759	803	733	720	741	718	706	774	672	718	593	758	638	680	617	619	584
Ã3	553	33	35	21	29	0	20	59	26	0	26	0	22	70	23	0	34	0	27	0	20	0	20	0	23	0	22	0	22	0	21	0
Ã4	22408	700	763	723	726	761	824	746	706	732	694	723	711	685	678	751	797	763	718	766	686	685	701	729	682	649	746	716	691	699	717	740
Ê1	14326	471	458	432	470	471	505	449	451	423	470	457	451	459	518	545	588	478	486	455	437	476	437	473	427	425	399	409	464	453	459	430
Ë1	15760	480	558	514	420	446	551	541	542	543	514	665	505	510	554	538	441	468	535	466	466	515	469	491	531	430	516	476	526	506	526	517
Ï2	17921	589	592	571	534	565	598	659	630	521	568	569	576	559	594	564	595	575	599	574	625	586	558	580	561	516	586	589	575	575	561	577
Ï1	8642	305	288	271	280	282	282	294	249	305	247	286	300	279	282	318	278	315	272	312	278	301	302	285	275	238	241	257	252	259	254	255
ØÊ	33394	1039	1115	1052	1100	1086	1104	1102	1105	1092	1043	1110	1093	1104	1082	1088	1126	1057	1078	1080	1052	1061	1075	1098	1035	956	1092	1077	1086	1071	1085	1050
ÂÊ	21077	685	709	653	635	673	732	669	689	666	708	841	716	723	697	790	908	679	681	640	647	610	646	640	630	553	629	654	646	645	647	636
ÄÊ	24169	797	764	766	799	793	794	814	762	708	833	838	795	754	775	802	846	801	766	773	733	730	828	774	756	713	739	756	824	788	791	757
Õ2	14665	520	465	450	463	460	467	457	536	448	456	488	465	475	459	533	486	537	459	485	496	501	466	436	481	400	456	458	465	473	467	457
Ì1	28166	906	1002	923	980	946	1043	905	878	923	948	1152	948	891	847	875	992	889	939	917	865	792	850	867	855	782	868	869	873	854	916	871
Ì2	31156	969	1167	1094	1149	1112	1119	1087	1130	1083	1119	1180	962	947	1006	952	1039	951	932	946	956	916	930	943	911	878	972	972	925	918	933	958
Ì3	23463	793	839	787	858	853	941	884	857	844	839	930	692	760	790	735	876	780	698	653	686	646	723	643	627	637	641	683	742	718	671	637
Ì4	26665	848	930	907	896	881	993	913	906	915	954	1007	888	830	861	897	1072	828	861	768	809	764	824	778	765	708	776	816	815	849	836	770
Ì5	22250	677	713	706	686	715	736	779	713	744	696	743	740	724	799	841	728	692	766	754	697	703	669	682	707	625	695	728	734	699	683	676
Ì6	23987	791	799	808	719	763	751	763	760	694	769	802	803	755	845	813	837	787	779	734	787	802	778	773	774	684	769	812	723	823	757	733
Ì7	18994	597	627	580	626	635	717	612	549	599	577	593	612	653	588	710	729	557	673	636	581	615	600	566	569	494	612	626	706	566	599	590
Ì8	18071	545	476	484	472	500	572	504	469	455	500	529	634	680	588	685	713	620	627	640	560	637	615	610	619	518	662	638	652	582	634	651
Ç2	16086	528	565	499	481	478	521	520	539	503	431	506	546	526	547	547	624	495	508	497	537	529	489	515	510	496	551	504	546	520	510	518
Ç1	4318	147	122	96	153	177	166	121	67	120	146	140	135	137	158	219	189	156	148	129	109	129	185	147	101	119	92	106	194	164	141	105
Ê2	2708	143	56	49	39	8	17	102	123	46	29	105	109	103	143	209	170	77	69	85	127	158	133	6	68	59	73	101	134	85	17	65
Ñ1	3175	60	64	105	172	157	81	111	26	71	178	165	105	101	78	78	172	132	88	92	112	84	113	141	86	97	42	102	134	68	91	69
Â4	9825	325	378	283	277	412	354	357	269	338	326	316	362	369	299	305	209	316	261	253	264	310	269	300	299	284	267	348	318	395	362	400
Ã5	1188	66	71	35	52	26	34	18	43	21	38	11	42	19	45	48	50	22	38	37	47	32	49	14	43	35	48	42	42	26	57	37
Ã2	19382	627	722	625	613	675	768	701	605	644	607	619	612	642	560	605	716	628	622	629	623	584	582	609	566	525	637	609	599	590	611	627
ÂÂ	38	1	1	2	3	2	2	0	0	1	0	1	0	1	0	3	1	2	0	2	1	0	4	0	0	2	1	1	4	1	1	1
ØÂ	41	1	2	3	1	0	2	1	0	0	2	0	2	0	2	0	0	0	1	2	1	3	2	1	2	1	3	1	2	1	2	3
ÍÆ	46	0	4	2	1	0	5	1	2	0	1	1	1	4	2	0	3	3	1	1	3	0	1	1	4	0	2	1	2	0	0	0
À1	87	0	3	3	0	1	1	1	0	5	1	5	18	3	3	0	1	2	4	3	8	4	2	1	2	4	0	1	1	3	3	4
À3	3	0	0	0	0	0	0	0	0	0	0	0	3	0	0	0	0	0	0	0	0	0	0	0	0	0	0	0	0	0	0	0
À2	5	0	0	0	0	0	0	0	0	0	0	0	5	0	0	0	0	0	0	0	0	0	0	0	0	0	0	0	0	0	0	0
×Ê	10	0	0	0	2	0	0	0	1	0	1	0	0	0	0	1	0	0	1	0	0	0	1	0	0	0	2	1	0	0	0	0
Ì9	1897	0	144	43	185	174	0	0	204	160	0	238	0	0	182	260	0	0	0	0	208	99	0	0	0	0	0	0	0	0	0	0
ÐÄÖ	92163	2965	3070	2918	2903	2959	3118	3089	3000	2905	2966	3167	3029	3022	3041	3176	3318	2993	2978	2933	2851	2908	2928	2889	2903	2624	2929	2920	2918	2923	2900	2920
ÀÄÖ	84719	2678	2773	2672	2716	2753	2889	2805	2728	2667	2797	2970	2795	2745	2735	2869	3069	2723	2759	2698	2585	2620	2757	2678	2646	2411	2654	2672	2740	2707	2730	2678
ÂÂÑ	16	0	0	1	0	0	1	0	0	0	0	0	4	0	0	0	1	0	0	0	0	1	1	1	0	0	0	0	0	2	1	3



201807	---	1	2	3	4	5	6	7	8	9	10	11	12	13	14	15	16	17	18	19	20	21	22	23	24	25	26	27	28	29	30	31
Âñå	0.72	0.72	0.72	0.72	0.71	0.72	0.71	0.71	0.71	0.72	0.73	0.74	0.72	0.72	0.72	0.73	0.74	0.72	0.72	0.72	0.71	0.71	0.71	0.72	0.72	0.71	0.72	0.72	0.72	0.71	0.71	0.71
Â2	0.08	0.09	0.03	0.06	0.05	0.08	0.07	0.08	0.07	0.04	0.09	0.09	0.07	0.05	0.04	0.11	0.12	0.12	0.13	0.07	0.10	0.05	0.11	0.09	0.06	0.07	0.13	0.07	0.08	0.06	0.06	0.05
Â3	0.10	0.12	0.06	0.08	0.07	0.11	0.09	0.11	0.07	0.10	0.09	0.10	0.09	0.08	0.10	0.13	0.17	0.14	0.11	0.09	0.13	0.09	0.14	0.11	0.09	0.09	0.15	0.12	0.11	0.09	0.08	0.06
Ã3	0.13	0.27	0.20	0.24	0.14	0.00	0.10	0.24	0.04	0.00	0.15	0.00	0.00	0.09	0.09	0.00	0.15	0.00	0.15	0.00	0.05	0.00	0.05	0.00	0.13	0.00	0.00	0.00	0.14	0.00	0.14	0.00
Ã4	0.17	0.23	0.23	0.18	0.17	0.18	0.22	0.25	0.17	0.17	0.18	0.15	0.15	0.16	0.14	0.16	0.19	0.20	0.16	0.18	0.20	0.13	0.13	0.19	0.17	0.15	0.15	0.15	0.16	0.14	0.14	0.15
Ê1	0.55	0.56	0.51	0.53	0.53	0.54	0.55	0.57	0.52	0.53	0.58	0.54	0.55	0.54	0.58	0.61	0.65	0.54	0.56	0.53	0.57	0.54	0.54	0.52	0.52	0.53	0.54	0.60	0.58	0.56	0.56	0.54
Ë1	0.54	0.61	0.58	0.54	0.51	0.55	0.51	0.48	0.52	0.52	0.53	0.52	0.54	0.51	0.56	0.59	0.51	0.50	0.51	0.53	0.57	0.59	0.52	0.51	0.58	0.54	0.55	0.54	0.55	0.52	0.52	0.55
Ï2	0.70	0.67	0.66	0.66	0.70	0.74	0.72	0.68	0.69	0.72	0.70	0.71	0.72	0.74	0.67	0.70	0.77	0.67	0.70	0.70	0.68	0.69	0.72	0.73	0.71	0.70	0.71	0.71	0.70	0.70	0.72	0.68
Ï1	0.60	0.57	0.56	0.57	0.60	0.59	0.60	0.54	0.58	0.59	0.62	0.55	0.61	0.60	0.58	0.62	0.63	0.61	0.56	0.65	0.58	0.58	0.57	0.62	0.63	0.61	0.65	0.63	0.63	0.61	0.63	0.60
ØÊ	0.98	0.98	0.97	0.98	0.96	0.98	0.98	0.98	0.98	0.97	0.98	0.97	0.97	0.97	0.98	0.99	0.97	0.97	0.97	0.98	0.97	0.97	0.98	0.99	0.98	0.98	0.97	0.97	0.97	0.98	0.98	0.98
ÂÊ	0.97	0.98	0.98	0.98	0.97	0.97	0.98	0.97	0.96	0.98	0.98	0.97	0.98	0.97	0.98	0.98	0.98	0.97	0.97	0.98	0.97	0.97	0.97	0.97	0.98	0.97	0.95	0.98	0.96	0.98	0.98	0.97
ÄÊ	0.98	0.98	0.98	0.99	0.96	0.97	0.97	0.97	0.98	0.98	0.98	0.98	0.98	0.98	0.97	0.98	0.97	0.98	0.97	0.98	0.96	0.98	0.98	0.98	0.98	0.98	0.96	0.98	0.98	0.98	0.97	0.97
Õ2	0.59	0.59	0.57	0.60	0.57	0.60	0.60	0.58	0.59	0.62	0.62	0.60	0.62	0.61	0.57	0.58	0.57	0.62	0.57	0.57	0.54	0.57	0.58	0.56	0.58	0.57	0.60	0.60	0.62	0.59	0.61	0.61
Ì1	0.83	0.82	0.82	0.85	0.85	0.83	0.78	0.81	0.84	0.87	0.84	0.86	0.83	0.83	0.86	0.86	0.82	0.82	0.81	0.84	0.85	0.82	0.82	0.82	0.83	0.81	0.82	0.81	0.82	0.79	0.79	0.79
Ì2	0.92	0.92	0.93	0.92	0.92	0.93	0.92	0.93	0.92	0.92	0.94	0.92	0.94	0.92	0.92	0.93	0.91	0.91	0.93	0.93	0.91	0.91	0.92	0.93	0.92	0.93	0.92	0.91	0.92	0.92	0.92	0.92
Ì3	0.80	0.82	0.81	0.81	0.80	0.79	0.77	0.81	0.80	0.80	0.83	0.81	0.78	0.81	0.81	0.82	0.84	0.83	0.78	0.81	0.80	0.78	0.77	0.78	0.79	0.80	0.78	0.78	0.79	0.77	0.76	0.81
Ì4	0.91	0.92	0.91	0.90	0.91	0.90	0.92	0.91	0.89	0.91	0.89	0.92	0.91	0.92	0.92	0.93	0.90	0.91	0.90	0.92	0.91	0.90	0.88	0.92	0.94	0.90	0.90	0.90	0.90	0.90	0.92	0.91
Ì5	0.85	0.86	0.88	0.86	0.85	0.86	0.85	0.83	0.87	0.84	0.86	0.86	0.86	0.85	0.86	0.86	0.86	0.85	0.84	0.86	0.85	0.85	0.83	0.84	0.86	0.84	0.85	0.86	0.85	0.83	0.85	0.86
Ì6	0.93	0.92	0.93	0.93	0.92	0.92	0.92	0.92	0.92	0.92	0.92	0.93	0.92	0.93	0.91	0.92	0.94	0.94	0.90	0.92	0.92	0.93	0.94	0.93	0.94	0.92	0.93	0.94	0.93	0.92	0.92	0.93
Ì7	0.88	0.88	0.88	0.88	0.86	0.85	0.84	0.84	0.87	0.88	0.89	0.90	0.89	0.92	0.89	0.89	0.88	0.92	0.89	0.90	0.85	0.87	0.91	0.91	0.91	0.85	0.89	0.87	0.87	0.86	0.87	0.86
Ì8	0.90	0.90	0.89	0.87	0.87	0.85	0.87	0.90	0.90	0.88	0.91	0.90	0.91	0.92	0.91	0.90	0.90	0.90	0.92	0.91	0.89	0.91	0.91	0.92	0.92	0.90	0.90	0.91	0.89	0.90	0.89	0.90
Ç2	0.67	0.67	0.67	0.71	0.71	0.68	0.63	0.65	0.72	0.67	0.71	0.68	0.69	0.66	0.65	0.67	0.69	0.64	0.70	0.68	0.66	0.63	0.67	0.66	0.66	0.65	0.66	0.69	0.63	0.69	0.65	0.67
Ç1	0.68	0.67	0.73	0.76	0.69	0.59	0.64	0.78	0.81	0.67	0.72	0.73	0.72	0.73	0.66	0.71	0.61	0.66	0.77	0.69	0.60	0.70	0.65	0.69	0.75	0.66	0.65	0.75	0.61	0.63	0.70	0.70
Ê2	0.42	0.39	0.38	0.41	0.38	0.25	0.53	0.46	0.45	0.43	0.41	0.53	0.42	0.46	0.45	0.40	0.41	0.39	0.42	0.29	0.39	0.46	0.38	0.17	0.35	0.46	0.51	0.47	0.37	0.41	0.24	0.40
Ñ1	0.51	0.47	0.47	0.57	0.60	0.50	0.52	0.41	0.46	0.45	0.56	0.58	0.51	0.50	0.45	0.45	0.58	0.52	0.52	0.50	0.54	0.49	0.54	0.51	0.45	0.54	0.57	0.44	0.56	0.38	0.47	0.45
Â4	0.15	0.13	0.10	0.14	0.06	0.12	0.11	0.21	0.08	0.09	0.14	0.16	0.14	0.11	0.19	0.20	0.22	0.23	0.18	0.21	0.22	0.17	0.20	0.16	0.10	0.09	0.27	0.12	0.14	0.11	0.10	0.10
Ã5	0.68	0.68	0.69	0.71	0.77	0.85	0.62	0.50	0.63	0.52	0.79	0.73	0.60	0.63	0.64	0.58	0.58	0.82	0.63	0.70	0.64	0.63	0.73	0.93	0.77	0.69	0.71	0.67	0.79	0.92	0.68	0.57
Ã2	0.76	0.76	0.74	0.73	0.73	0.72	0.71	0.70	0.73	0.70	0.74	0.76	0.77	0.79	0.79	0.78	0.79	0.80	0.77	0.79	0.73	0.77	0.76	0.79	0.77	0.77	0.78	0.78	0.79	0.79	0.73	0.77
ÂÂ	0.00	0.00	0.00	0.00	0.00	0.00	0.00	0.00	0.00	0.00	0.00	0.00	0.00	0.00	0.00	0.00	0.00	0.00	0.00	0.00	0.00	0.00	0.00	0.00	0.00	0.00	0.00	0.00	0.00	0.00	0.00	0.00
ØÂ	0.00	0.00	0.00	0.00	0.00	0.00	0.00	0.00	0.00	0.00	0.00	0.00	0.00	0.00	0.00	0.00	0.00	0.00	0.00	0.00	0.00	0.00	0.00	0.00	0.00	0.00	0.00	0.00	0.00	0.00	0.00	0.00
ÍÆ	0.00	0.00	0.00	0.00	0.00	0.00	0.00	0.00	0.00	0.00	0.00	0.00	0.00	0.00	0.00	0.00	0.00	0.00	0.00	0.00	0.00	0.00	0.00	0.00	0.00	0.00	0.00	0.00	0.00	0.00	0.00	0.00
À1	0.03	0.00	0.00	0.00	0.00	0.00	0.00	0.00	0.00	0.00	0.00	0.00	0.17	0.00	0.00	0.00	0.00	0.00	0.00	0.00	0.00	0.00	0.00	0.00	0.00	0.00	0.00	0.00	0.00	0.00	0.00	0.00
À3	0.00	0.00	0.00	0.00	0.00	0.00	0.00	0.00	0.00	0.00	0.00	0.00	0.00	0.00	0.00	0.00	0.00	0.00	0.00	0.00	0.00	0.00	0.00	0.00	0.00	0.00	0.00	0.00	0.00	0.00	0.00	0.00
À2	0.00	0.00	0.00	0.00	0.00	0.00	0.00	0.00	0.00	0.00	0.00	0.00	0.00	0.00	0.00	0.00	0.00	0.00	0.00	0.00	0.00	0.00	0.00	0.00	0.00	0.00	0.00	0.00	0.00	0.00	0.00	0.00
×Ê	0.00	0.00	0.00	0.00	0.00	0.00	0.00	0.00	0.00	0.00	0.00	0.00	0.00	0.00	0.00	0.00	0.00	0.00	0.00	0.00	0.00	0.00	0.00	0.00	0.00	0.00	0.00	0.00	0.00	0.00	0.00	0.00
Ì9	0.70	0.00	0.74	0.60	0.73	0.71	0.00	0.00	0.75	0.57	0.00	0.73	0.00	0.00	0.76	0.68	0.00	0.00	0.00	0.00	0.69	0.62	0.00	0.00	0.00	0.00	0.00	0.00	0.00	0.00	0.00	0.00



201807	---	1	2	3	4	5	6	7	8	9	10	11	12	13	14	15	16	17	18	19	20	21	22	23	24	25	26	27	28	29	30	31
Âñå	9.9	9.9	9.8	10.0	9.6	9.7	9.8	9.9	9.8	9.8	9.7	9.8	9.7	9.9	9.8	9.9	9.8	10.1	9.8	10.2	9.8	9.9	10.0	9.9	10.0	10.1	10.1	9.9	10.0	9.7	9.8	9.9
Â2	10.4	10.1	10.4	10.5	10.4	10.4	10.5	10.2	10.5	10.5	10.4	10.7	10.4	10.2	10.3	11.0	10.1	10.2	10.3	10.3	10.3	10.4	10.4	10.4	10.4	10.6	10.4	10.5	10.5	10.1	10.5	10.1
Â3	17.6	17.4	17.8	17.7	17.1	17.9	17.5	17.2	17.3	17.8	17.7	18.1	17.6	17.6	17.6	17.6	17.8	17.3	17.4	17.8	17.2	17.9	17.5	17.9	17.7	17.7	17.5	17.5	17.6	18.1	17.6	17.3
Ã3	11.9	11.7	12.9	13.3	10.1	0.0	12.1	12.2	12.5	0.0	13.3	0.0	11.4	10.9	12.5	0.0	11.9	0.0	11.9	0.0	11.9	0.0	12.2	0.0	12.2	0.0	12.5	0.0	12.0	0.0	9.8	0.0
Ã4	14.3	14.3	14.8	14.2	13.9	14.0	14.3	14.3	13.9	14.1	14.3	14.1	14.1	14.2	14.4	14.2	14.2	14.7	14.4	14.4	14.1	14.1	13.9	14.3	14.6	14.3	14.4	14.6	14.3	14.3	14.5	14.5
Ê1	17.1	16.7	16.2	17.6	17.3	17.7	17.6	17.1	17.7	16.4	17.8	17.8	17.7	17.2	16.9	17.4	17.2	17.2	17.2	16.8	17.4	15.4	16.9	16.3	16.9	16.9	17.9	17.2	17.0	16.7	16.8	17.2
Ë1	16.0	16.1	16.2	16.1	15.3	15.7	15.9	16.4	16.3	16.1	15.6	16.0	15.7	16.4	16.0	15.5	15.7	16.4	16.2	16.4	15.8	16.1	16.4	15.8	16.0	16.3	17.2	15.9	14.9	16.1	16.4	16.1
Ï2	15.7	16.0	17.2	16.8	15.6	15.2	16.1	15.6	15.1	14.9	15.8	15.3	14.8	15.6	15.6	15.3	15.5	15.3	15.4	15.4	15.1	15.2	15.6	15.9	16.8	16.3	16.2	16.5	15.8	15.4	15.2	15.9
Ï1	15.4	14.5	13.6	15.1	15.5	16.4	15.9	14.6	15.8	15.7	16.0	16.1	15.9	15.3	15.3	15.3	15.5	15.1	15.6	15.6	15.0	15.7	14.9	14.8	15.1	15.2	15.3	15.2	15.9	16.2	15.8	15.4
ØÊ	5.7	5.5	5.8	6.2	5.5	5.8	5.4	5.7	5.2	5.6	5.4	5.3	5.2	5.2	5.6	5.5	5.7	5.7	5.9	6.2	5.8	5.7	6.0	5.8	5.6	6.0	5.9	5.7	5.8	5.6	5.6	5.5
ÂÊ	5.6	5.7	6.1	5.8	6.0	6.0	6.5	5.8	6.1	6.5	5.8	6.4	4.9	5.4	5.4	5.8	4.9	5.6	5.5	5.4	5.0	5.2	5.8	5.4	5.2	5.3	5.0	5.2	5.8	5.8	5.8	5.7
ÄÊ	5.5	5.7	5.7	6.0	5.5	5.4	5.3	5.3	5.6	5.5	5.5	5.6	5.3	5.5	5.7	5.5	5.2	5.4	5.2	5.1	5.8	5.7	5.4	5.6	5.8	5.9	5.6	5.7	5.0	5.2	5.6	5.7
Õ2	18.0	16.6	17.0	18.2	18.1	19.0	18.4	18.0	18.1	19.0	19.0	19.6	18.8	18.6	17.7	16.9	17.8	17.9	18.1	17.4	16.3	17.4	18.0	17.8	17.6	18.1	18.3	17.9	18.4	18.3	18.8	18.7
Ì1	7.4	7.7	7.0	7.3	7.7	7.4	7.0	7.3	6.7	7.7	7.3	7.2	7.3	7.5	7.3	6.4	7.9	7.4	7.5	9.8	7.3	6.7	8.1	7.4	7.4	8.2	7.3	7.2	7.9	6.9	7.3	7.6
Ì2	5.8	5.8	5.4	5.6	5.3	5.3	5.1	5.5	5.1	5.6	5.1	4.8	5.3	6.1	5.7	6.1	6.6	5.8	6.5	7.3	5.9	6.2	6.7	6.2	5.7	6.0	6.2	5.6	6.9	5.4	5.4	5.3
Ì3	5.5	5.6	5.0	5.2	5.1	5.0	5.4	4.8	5.4	5.7	5.1	6.1	5.2	5.8	5.4	7.3	6.1	6.1	5.1	5.8	5.8	5.9	5.5	5.1	5.2	5.5	5.5	5.2	5.9	5.1	4.9	5.2
Ì4	4.5	4.6	4.3	4.4	3.9	4.2	4.5	4.0	4.9	4.5	4.3	5.7	4.3	4.8	4.5	5.6	4.1	4.5	4.4	4.6	4.7	4.4	4.3	4.3	4.2	4.4	4.5	4.4	4.6	4.4	4.7	4.4
Ì5	7.5	7.4	8.0	8.3	7.6	7.0	6.9	6.6	6.7	6.6	7.3	7.0	7.2	6.9	7.8	7.9	7.8	8.1	7.1	7.1	8.1	7.8	7.6	7.7	7.9	7.7	8.0	8.3	7.6	7.1	7.6	7.7
Ì6	5.3	5.4	5.6	5.5	5.1	5.3	5.4	5.8	5.6	5.2	5.4	5.1	5.3	5.7	5.6	5.2	5.3	5.0	5.2	5.6	5.7	5.4	5.2	4.8	5.2	5.6	5.4	5.2	5.2	4.9	5.2	5.3
Ì7	7.1	6.8	8.1	7.6	7.5	7.7	8.0	7.3	7.5	7.9	7.6	7.0	7.2	6.9	6.6	6.7	7.4	7.3	7.1	7.6	7.1	6.8	6.9	7.0	6.8	6.9	6.7	6.6	6.5	6.7	6.9	6.7
Ì8	5.1	5.0	5.4	5.8	5.5	5.4	5.1	5.6	5.2	5.4	5.2	5.4	4.8	4.4	5.1	4.6	4.7	5.5	4.9	5.0	5.5	5.2	5.0	4.9	5.5	5.4	5.0	5.0	4.7	4.8	5.1	5.1
Ç2	17.3	17.3	16.5	17.4	17.4	17.7	17.5	17.6	18.0	17.7	17.6	17.9	17.6	17.6	17.2	17.1	16.8	17.4	17.3	16.9	16.8	16.7	16.8	16.9	17.7	17.5	17.9	17.4	17.1	17.1	17.3	17.4
Ç1	16.2	16.4	16.6	17.2	16.0	15.2	15.9	15.3	16.9	18.0	16.6	17.2	15.0	15.7	15.1	16.8	15.5	15.9	15.4	17.3	15.6	16.3	16.1	16.5	16.3	16.0	15.3	17.3	16.1	15.9	16.4	16.3
Ê2	15.1	13.5	13.8	16.3	14.4	9.8	15.1	16.9	15.6	16.7	13.1	18.8	13.7	16.2	15.6	13.8	14.5	14.5	14.7	13.3	15.7	14.9	15.1	7.2	13.9	16.6	16.4	17.1	15.1	14.9	9.6	17.1
Ñ1	15.3	14.8	13.8	14.3	14.9	15.6	15.3	14.4	14.8	16.3	15.6	16.7	15.8	15.9	14.7	15.8	15.0	16.1	15.3	14.8	14.5	15.5	15.6	15.0	16.6	15.2	14.2	14.8	15.7	15.1	15.7	14.3
Â4	15.6	15.4	16.3	16.4	15.2	15.3	16.0	16.3	15.3	15.7	15.5	15.1	15.1	15.4	15.6	15.5	16.9	15.6	14.8	15.9	15.3	15.5	15.4	15.7	15.2	15.8	15.8	15.9	14.7	15.9	15.0	15.7
Ã5	15.1	16.1	13.2	16.1	14.7	15.1	16.1	15.6	15.2	14.5	15.5	15.0	15.6	16.6	14.5	15.7	15.0	14.8	14.9	15.1	14.9	15.8	15.1	14.7	16.5	15.8	14.6	16.0	15.0	15.7	13.5	13.2
Ã2	15.3	15.2	15.2	15.6	14.9	14.7	15.2	15.7	15.0	15.3	15.1	15.2	15.4	15.4	15.6	15.4	15.4	15.7	15.2	15.7	15.0	15.4	15.0	15.7	15.6	15.9	15.4	15.3	15.3	15.3	15.4	15.5
ÂÂ	2.0	1.0	1.0	1.0	1.0	1.0	1.0	0.0	0.0	1.0	0.0	1.0	0.0	1.0	0.0	1.0	1.0	1.0	0.0	1.0	1.0	0.0	8.8	0.0	0.0	1.0	7.0	1.0	1.0	1.0	1.0	1.0
ØÂ	1.2	1.0	1.0	1.0	1.0	0.0	1.0	1.0	0.0	0.0	1.0	0.0	1.0	0.0	1.0	0.0	0.0	0.0	1.0	1.0	1.0	1.0	1.0	1.0	1.0	1.0	1.0	1.0	6.0	1.0	1.0	1.0
ÍÆ	8.4	0.0	3.8	1.0	1.0	0.0	17.0	21.0	4.5	0.0	7.0	8.0	7.0	8.3	17.0	0.0	3.0	11.0	1.0	10.0	6.3	0.0	1.0	1.0	4.8	0.0	22.0	8.0	6.5	0.0	0.0	0.0
À1	3.0	0.0	1.0	1.3	0.0	1.0	2.0	1.0	0.0	1.0	35.0	1.0	3.8	1.0	1.0	0.0	1.0	7.5	1.0	1.0	1.0	1.0	1.0	14.0	1.0	1.0	0.0	1.0	1.0	2.7	14.3	6.5
À3	11.3	0.0	0.0	0.0	0.0	0.0	0.0	0.0	0.0	0.0	0.0	0.0	11.3	0.0	0.0	0.0	0.0	0.0	0.0	0.0	0.0	0.0	0.0	0.0	0.0	0.0	0.0	0.0	0.0	0.0	0.0	0.0
À2	1.0	0.0	0.0	0.0	0.0	0.0	0.0	0.0	0.0	0.0	0.0	0.0	1.0	0.0	0.0	0.0	0.0	0.0	0.0	0.0	0.0	0.0	0.0	0.0	0.0	0.0	0.0	0.0	0.0	0.0	0.0	0.0
×Ê	4.0	0.0	0.0	0.0	12.5	0.0	0.0	0.0	2.0	0.0	1.0	0.0	0.0	0.0	0.0	4.0	0.0	0.0	2.0	0.0	0.0	0.0	2.0	0.0	0.0	0.0	1.5	1.0	0.0	0.0	0.0	0.0
Ì9	5.6	0.0	4.5	5.6	5.6	5.3	0.0	0.0	4.7	5.2	0.0	7.1	0.0	0.0	5.5	6.4	0.0	0.0	0.0	0.0	5.4	5.8	0.0	0.0	0.0	0.0	0.0	0.0	0.0	0.0	0.0	0.0



201807	---	1	2	3	4	5	6	7	8	9	10	11	12	13	14	15	16	17	18	19	20	21	22	23	24	25	26	27	28	29	30	31
Âñå	9.5	9.6	9.7	9.4	8.6	9.2	10.0	10.1	9.2	9.1	9.1	10.1	9.3	9.1	9.6	10.7	10.2	10.2	9.3	9.2	9.7	9.4	9.4	9.2	9.2	9.2	9.3	9.2	9.0	9.9	9.6	9.8
Â2	9.8	11	12	9	9	9	11	10	11	8	9	9	11	7	11	13	9	12	8	11	12	11	8	8	10	7	9	9	9	11	10	9
Â3	16.1	18	17	18	14	14	16	17	21	17	14	15	15	12	16	18	19	17	16	16	17	16	17	15	16	13	17	15	13	15	19	17
Ã3	3.7	3	6	3	3	0	5	12	3	0	4	0	3	4	2	0	4	0	4	0	2	0	2	0	4	0	2	0	3	0	1	0
Ã4	13.6	16	15	13	13	14	15	12	11	14	11	13	16	14	13	15	13	15	14	15	10	14	16	17	11	12	14	13	14	13	12	15
Ê1	12.1	11	11	14	14	10	14	11	13	9	16	12	11	10	12	10	14	13	12	9	13	13	10	12	9	12	13	12	17	15	14	10
Ë1	11.9	14	12	12	10	11	15	12	15	14	11	14	12	10	14	10	8	11	13	12	10	12	11	9	11	7	18	10	12	13	13	14
Ï2	11.5	13	11	13	10	13	12	16	11	11	12	12	11	11	12	10	12	12	10	11	9	10	9	12	12	12	11	12	10	10	12	14
Ï1	9.3	9	8	9	9	8	9	9	9	8	7	12	9	9	9	11	9	8	10	11	12	10	8	9	10	9	9	9	8	9	10	12
ØÊ	7.9	6	6	9	9	7	8	7	7	8	7	9	9	8	8	8	7	7	8	9	9	10	7	8	8	8	8	7	9	8	8	8
ÂÊ	6.1	6	8	6	6	6	7	7	6	6	6	7	6	7	6	7	7	5	6	5	5	5	6	7	5	5	5	6	7	6	6	7
ÄÊ	7.5	8	6	7	8	8	8	8	6	6	11	14	6	6	6	6	8	9	8	6	10	5	8	6	11	8	7	6	8	6	7	7
Õ2	11.3	16	14	10	11	10	11	10	11	9	10	10	12	12	13	13	12	11	10	8	11	11	12	12	10	12	11	10	12	13	12	10
Ì1	12.7	11	13	11	17	15	13	13	11	11	10	14	12	12	11	10	20	15	12	16	14	10	11	12	12	12	13	13	13	9	15	13
Ì2	8.6	10	9	8	7	8	7	11	7	8	8	7	9	9	8	11	10	8	11	11	8	11	9	8	8	10	8	9	8	8	6	8
Ì3	8.6	8	8	9	11	8	9	7	8	12	6	15	11	9	12	11	10	14	7	7	7	7	9	7	6	6	8	5	7	8	8	7
Ì4	6.4	6	8	7	5	6	7	7	7	7	7	8	6	6	7	8	8	5	5	7	7	4	7	5	5	5	6	5	7	6	8	7
Ì5	11.0	9	14	12	9	8	12	10	11	10	12	14	10	10	12	11	10	15	8	8	12	12	10	13	10	9	11	13	12	10	12	11
Ì6	7.5	6	9	9	6	7	6	6	5	5	8	9	6	7	8	11	8	6	10	5	11	9	6	8	7	7	7	7	6	6	11	9
Ì7	9.1	8	13	10	8	9	10	7	9	8	9	8	10	11	8	9	9	12	7	11	9	8	8	8	11	8	11	8	10	9	9	7
Ì8	8.1	5	9	6	7	6	10	6	8	7	10	8	6	8	9	12	7	8	7	7	9	9	10	7	10	6	6	7	8	12	12	10
Ç2	14.2	15	14	12	13	14	15	18	12	15	16	12	13	13	15	18	17	13	12	15	13	13	16	15	12	16	16	12	13	14	15	12
Ç1	8.7	8	7	8	8	9	10	7	8	10	9	7	7	10	9	11	8	8	10	8	7	9	13	8	8	8	7	8	10	10	11	8
Ê2	7.1	8	5	7	4	3	4	6	7	10	2	8	8	9	7	13	9	9	6	8	10	15	6	1	7	11	5	5	6	10	4	7
Ñ1	6.9	3	5	6	10	8	8	7	10	6	5	6	8	6	7	9	8	6	6	5	9	7	10	9	8	6	6	7	7	6	7	4
Â4	11.4	13	14	15	11	14	11	16	11	9	10	9	12	15	14	10	10	9	10	10	9	11	11	8	11	11	11	12	11	12	11	13
Ã5	4.9	7	6	5	3	4	5	5	5	3	5	4	6	6	3	5	4	4	8	4	6	7	4	3	6	6	5	4	6	6	4	3
Ã2	13.3	10	14	13	16	14	20	15	11	11	12	11	13	14	11	10	15	12	14	13	15	12	10	12	19	13	16	14	12	13	12	14
ÂÂ	1.0	0	0	0	1	0	0	0	0	0	0	0	0	0	0	0	0	0	0	0	0	0	0	0	0	0	0	0	0	0	0	0
ØÂ	1.0	0	0	0	0	0	0	0	0	0	0	0	0	0	0	0	0	0	0	0	0	0	0	0	0	0	0	0	1	0	0	0
ÍÆ	1.0	0	1	0	0	0	1	0	0	0	0	0	0	1	0	0	0	0	0	1	0	0	0	0	1	0	1	0	1	0	0	0
À1	1.0	0	0	0	0	0	0	0	0	0	0	0	1	0	0	0	0	0	0	0	0	1	0	0	0	0	0	0	0	0	1	0
À3	0.0	0	0	0	0	0	0	0	0	0	0	0	0	0	0	0	0	0	0	0	0	0	0	0	0	0	0	0	0	0	0	0
À2	0.0	0	0	0	0	0	0	0	0	0	0	0	0	0	0	0	0	0	0	0	0	0	0	0	0	0	0	0	0	0	0	0
×Ê	1.0	0	0	0	1	0	0	0	0	0	0	0	0	0	0	0	0	0	0	0	0	0	0	0	0	0	0	0	0	0	0	0
Ì9	4.7	0	5	1	5	6	0	0	3	4	0	6	0	0	6	8	0	0	0	0	6	2	0	0	0	0	0	0	0	0	0	0
